1.19506 11 0 1.52818
114.591 246 9 35.4538
106.259 230 1 35.8146
102.831 215 1 37.6091
85.4514 190 2 34.7348
108.891 229 3 44.3832
115.47 253 3 48.5006
116.483 254 3 46.3283
127.171 255 3 53.9852
127.788 255 3 52.21
114.751 252 4 47.556
111.233 243 6 38.6029
102.203 220 6 33.7768
105.98 216 6 32.1882
97.3256 251 2 52.96
109.122 255 0 63.5966
85.2065 196 4 31.4569
125.423 249 14 37.6332
118.199 246 7 39.016
105.488 231 4 36.62
121.402 249 6 42.3227
126.058 245 6 42.2641
115.426 221 11 34.951
115.426 221 11 34.951
1.03165 6 0 1.2019
119.266 255 6 37.8278
113.434 255 4 38.5147
55.6625 233 0 38.8641
141.824 255 2 56.5783
114.172 255 2 43.4151
118.276 255 1 44.8128
119.969 255 2 42.9701
129.051 255 1 49.681
131.027 255 2 51.5475
118.873 255 2 49.1107
113.201 255 4 41.3655
107.573 255 3 38.8422
110.525 255 4 36.6943
100.933 255 2 56.2227
111.173 255 0 59.9022
89.7462 255 2 35.1205
129.763 255 8 42.6408
122.876 255 4 42.0887
105.599 255 2 35.9241
125.954 255 3 42.1578
131.253 255 4 43.2972
122.06 255 6 38.9368
122.06 255 6 38.9368
1.07409 35 0 1.55168
132.708 255 9 40.2233
126.666 255 4 40.1735
122.477 255 3 42.9794
98.5376 255 3 40.2097
120.691 255 5 49.5344
122.861 255 3 51.9212
125.769 255 3 50.2895
134.253 255 5 59.8526
139.599 255 7 61.5384
127.116 255 7 58.1137
128.429 255 8 47.3931
121.82 255 10 41.6237
124.992 255 6 36.7899
108.75 255 3 67.1105
111.975 255 2 74.9106
99.3602 255 5 35.4976
147.896 255 12 44.0835
137.348 255 9 46.4032
116.485 255 8 40.8221
135.059 255 11 46.0208
146.011 255 12 46.7094
136.832 255 16 39.5756
136.832 255 16 39.5756
1.3276 7 0 1.38861
87.8965 203 6 24.3418
79.8244 214 3 24.9848
78.0919 207 2 26.8463
65.6263 164 1 25.5721
86.4468 206 2 32.9573
89.2449 218 1 34.3601
89.2175 214 2 32.2352
97.3201 252 3 39.1637
97.4618 247 4 39.6268
86.2702 213 5 37.2575
83.4983 220 4 29.7229
78.5637 196 3 26.653
80.0655 205 2 23.3486
70.7777 228 1 44.6213
84.8303 254 1 51.5736
59.5837 198 2 22.0013
94.284 224 12 27.5531
91.1159 221 9 29.5302
80.2869 214 4 26.0015
93.1656 216 5 29.1208
95.6182 220 7 28.4665
86.9515 213 4 23.6839
86.9515 213 4 23.6839
1.26652 12 0 1.39187
113.712 255 1 46.7074
118.632 255 0 49.9655
109.704 255 0 49.164
83.9477 246 0 41.0643
97.202 255 0 48.55
94.9496 254 0 48.6089
96.7224 252 0 47.1605
102.64 255 0 52.9928
113.164 255 1 56.7483
107.597 255 0 54.2584
113.923 254 1 50.5243
113.11 255 0 48.6864
119.67 255 1 48.5953
105.455 255 0 62.4785
90.4338 255 0 59.7522
97.8358 253 0 44.765
128.38 255 1 53.304
112.274 255 1 50.1602
93.5063 252 0 42.5395
106.189 255 0 48.7872
121.243 255 0 53.8441
121.321 255 1 50.3132
121.321 255 1 50.3132
1.33023 10 0 1.68275
115.084 255 3 41.0293
106.884 251 2 41.8321
102.629 255 0 44.2354
82.7898 235 0 40.5687
104.61 249 1 50.059
107.881 254 1 51.1233
111.338 255 2 48.9409
121.551 255 1 58.0899
124.879 255 1 59.916
114.902 254 1 57.4789
109.309 255 2 45.4486
104.099 255 0 40.9149
104.476 254 0 37.6261
95.0439 254 0 66.3134
105.644 255 0 75.2496
84.6168 253 4 36.0577
122.455 255 5 44.2974
116.998 255 3 46.5925
98.7735 245 2 39.5882
117.182 255 3 45.967
123.803 255 6 47.5682
114.969 255 7 40.5976
114.969 255 7 40.5976
1.97697 11 0 1.95056
92.7666 208 0 28.8896
87.437 211 0 30.8578
83.9932 240 0 33.3829
69.1264 193 0 31.2483
87.9807 227 0 39.3907
92.4765 248 0 41.9463
93.083 241 0 38.5648
102.599 254 2 44.0585
101.84 252 3 41.88
91.6924 243 4 38.5415
89.6935 227 4 30.8319
83.8467 216 3 27.3619
85.9177 245 0 26.2054
80.0194 244 2 46.0516
89.7503 252 1 53.4721
67.6176 178 0 25.245
103.512 238 5 30.4622
98.3659 255 6 31.924
85.1707 228 4 29.8532
96.9143 249 0 35.2991
102.86 239 0 36.6634
95.5391 216 1 30.047
95.5391 216 1 30.047
0.516896 7 0 1.0141
88.2535 243 4 36.4068
79.9634 241 3 32.8688
78.972 246 1 36.3514
64.1319 240 0 34.2854
80.3521 247 0 44.0085
83.0973 254 0 47.5385
84.2588 254 0 46.4427
90.8161 255 0 53.2363
93.1482 255 1 52.3412
81.9031 251 0 45.6591
82.4858 250 1 37.425
76.4262 239 1 31.5934
80.235 254 0 30.2529
69.7724 244 0 47.2315
73.0203 254 0 57.4112
62.3933 218 2 26.3013
94.9327 245 6 37.3641
88.717 231 2 39.9328
76.9678 235 1 37.3259
90.4049 253 1 43.2841
94.9518 254 3 41.9498
88.2612 229 4 34.4617
88.2612 229 4 34.4617
1.32781 38 0 2.08408
89.361 232 1 41.7989
85.5635 254 0 39.2031
81.9022 237 0 42.0417
66.7598 213 0 39.5468
84.0463 242 0 51.028
86.2503 252 0 54.1724
85.002 254 0 51.1709
94.0455 255 0 58.5388
96.316 255 2 56.8179
87.8143 252 0 51.0416
87.3893 244 1 43.2374
83.5366 228 1 38.1496
84.3011 251 0 35.9062
78.8787 242 0 54.1499
84.8156 255 0 64.8391
69.0247 244 1 30.9126
96.5884 254 2 42.75
92.2283 250 3 45.3817
77.4402 226 2 40.848
91.4826 252 3 48.49
96.3149 254 2 48.149
90.4552 244 2 40.3043
90.4552 244 2 40.3043
3.34142 54 0 3.13168
140.348 255 11 46.5703
134.124 255 8 48.5811
130.196 255 4 54.3881
104.838 255 4 50.5754
129.427 255 6 60.3621
130.564 255 6 59.5655
132.423 255 5 56.1125
140.742 255 6 64.1485
147.584 255 7 67.6423
136.813 255 6 66.7913
135.301 255 11 53.8924
127.904 255 11 46.1659
133.504 255 10 42.1154
121.111 255 5 77.3658
124.921 255 4 83.5602
109.825 255 7 40.3841
154.727 255 17 49.5605
144.903 255 14 52.9938
119.513 255 10 45.2931
143.471 255 11 53.5629
154.503 255 14 55.6981
144.684 255 18 45.9081
144.684 255 18 45.9081
27.997 255 0 55.5373
103.354 255 5 42.8013
93.0758 255 3 39.7757
92.6453 255 2 43.0899
77.9527 254 0 40.9823
98.4662 255 1 51.9404
103.937 255 1 56.0226
103.295 255 2 53.2089
110.636 255 1 60.0956
111.573 255 1 59.5084
99.1127 255 0 54.1309
96.3618 255 3 44.8915
89.1423 255 3 39.2758
91.6927 255 4 36.6934
66.0817 254 0 56.9577
83.3144 255 0 80.047
85.378 255 0 79.0413
72.0189 255 0 79.7487
67.5115 255 0 68.6377
56.6779 255 0 65.836
66.2325 255 0 80.4447
84.2005 255 0 85.1117
70.9594 255 0 78.0943
68.2477 255 0 67.0804
18.3184 255 0 38.8084
28.4379 255 0 55.2849
37.2707 255 0 60.2243
28.4422 255 0 47.9646
52.4609 255 0 71.5162
32.7948 255 0 56.994
37.1584 255 0 53.6417
49.0401 254 0 55.0157
52.1811 255 0 62.5275
56.6892 255 0 74.9092
68.6367 255 0 83.1651
37.8783 255 0 63.9843
22.4794 255 0 40.4094
27.8356 255 0 44.6711
33.2946 255 0 47.7712
44.308 255 0 64.8911
71.6464 255 0 80.5611
57.726 254 0 61.0884
51.0111 254 0 50.0478
67.2866 249 1 39.8454
85.9578 255 0 59.4652
90.486 255 0 77.1514
98.4303 255 0 70.6454
90.6089 255 0 74.0211
96.1191 255 0 66.5749
93.4642 255 0 73.7712
102.655 255 0 68.6529
75.7677 255 0 57.5381
80.3467 255 1 49.4599
63.5533 254 0 34.9527
69.4634 254 2 31.5719
110.213 255 5 44.8972
107.822 255 5 48.2759
92.2995 255 4 43.3427
111.965 255 4 51.7946
113.621 255 5 49.6775
104.656 255 5 41.7846
104.656 255 5 41.7846
35.9864 255 0 64.7362
89.2033 255 5 38.0741
84.3308 255 2 35.7617
82.371 255 5 39.1356
67.3988 255 1 37.0709
82.2984 255 1 46.2743
83.8128 255 1 48.3479
83.9085 255 2 46.1451
89.2252 255 2 52.0945
92.4427 255 2 52.2989
85.9478 255 2 48.6563
84.3604 255 3 39.6634
79.0215 255 5 34.1321
82.2617 255 7 32.2171
59.6558 255 0 52.479
72.926 255 0 72.7456
67.9966 255 0 65.5202
50.594 255 0 60.7418
42.6939 255 0 47.9243
38.7707 255 0 48.252
52.7746 255 0 63.1127
71.8288 255 0 70.7424
64.909 255 0 66.4821
64.0331 255 0 58.6107
21.6405 255 0 39.3225
37.5828 255 0 64.3077
26.0763 255 0 45.9071
46.9921 255 0 66.3598
37.7041 255 0 62.7349
41.5004 255 0 58.3059
50.225 255 0 52.2716
51.3046 255 0 57.4968
55.0428 255 0 68.8297
58.8092 255 0 69.312
33.4733 255 0 51.7507
18.1227 255 0 33.0522
17.4167 255 0 33.9853
20.6162 255 0 34.431
32.0933 255 0 48.8028
57.9302 255 0 67.9841
53.8797 255 0 57.803
48.0746 255 0 47.334
64.1119 255 2 35.5775
74.4346 255 2 50.678
78.2977 255 0 65.6206
78.9027 255 0 59.1015
68.2964 255 0 58.0026
68.4731 255 0 51.2458
66.7838 255 0 57.5268
79.5219 255 0 58.6727
62.4988 255 0 51.4163
67.7962 255 0 45.2136
57.1214 255 2 31.4441
67.6775 255 5 29.2657
94.3647 255 7 38.3544
89.4524 255 4 40.7314
73.652 254 2 35.9867
89.0302 255 3 43.7148
95.1411 255 5 44.0585
88.1373 255 6 36.1957
88.1373 255 6 36.1957
44.4528 255 0 74.2994
172.614 255 8 51.3572
147.454 255 2 53.1707
148.902 255 3 56.0599
128.282 254 2 52.1174
161.862 255 4 61.7753
173.936 255 4 62.6198
177.101 255 5 59.3043
182.823 255 5 65.8202
181.378 255 5 67.9272
163.422 255 6 68.2433
156.213 255 10 57.5177
141.776 255 8 51.9924
145.445 255 7 48.6657
84.8281 255 0 70.7063
97.3272 255 0 88.511
115.224 255 0 87.6346
86.0255 255 0 81.4089
96.1677 255 0 78.3146
81.2361 255 0 78.2168
85.4503 255 0 86.4769
116.058 255 0 96.9929
79.4979 255 0 85.0407
80.7039 255 0 77.5062
13.2628 255 0 13.9134
18.0994 255 0 40.2071
3.16893 14 0 2.2352
24.4468 255 0 35.4932
49.6366 255 0 66.9163
32.8954 255 0 56.2966
41.8297 255 0 61.1366
44.6895 255 0 53.5925
44.322 255 0 59.0698
41.0996 255 0 63.0554
64.9821 255 0 81.2249
30.1856 255 0 50.9491
26.4185 255 0 46.3799
36.143 255 0 53.6171
36.6581 255 0 51.8802
42.3233 255 0 56.9351
82.3681 255 0 85.1288
68.678 255 0 74.5468
62.8665 255 0 61.6483
92.9723 255 2 51.9021
118.321 255 3 73.9102
124.668 255 1 90.4776
150.514 255 1 85.7171
139.196 255 1 86.7869
158.561 255 1 72.2016
145.999 255 1 79.3563
163.118 255 2 77.3696
115.413 255 0 72.2229
119.783 255 1 65.0782
89.861 254 0 47.9191
105.635 255 2 44.9938
173.799 255 11 54.9718
172.737 255 10 58.5277
151.247 255 3 51.8749
183.503 255 5 55.3666
186.715 255 9 56.0665
164.105 255 9 50.3999
164.105 255 9 50.3999
1.36578 78 0 3.74155
117.077 255 5 40.5907
99.7654 255 2 41.8998
98.9701 255 3 45.4376
82.7959 251 1 42.2765
109.573 255 2 52.4103
122.717 255 2 56.8042
123.468 255 2 52.287
128.911 255 0 57.7607
131.943 255 1 59.8197
114.808 255 1 56.3411
110.581 255 2 46.9176
99.6709 254 1 42.1182
107.75 255 4 40.2767
43.4198 215 0 47.4342
61.4278 251 0 62.2034
76.9861 255 0 81.2174
83.3872 255 0 80.587
70.8542 255 0 80.7239
74.7255 255 0 69.1027
68.0014 255 0 65.5647
74.7321 255 0 81.975
92.2156 255 0 89.3336
75.2768 255 0 83.3499
69.9895 252 0 72.7792
52.6571 226 0 56.5761
12.688 255 0 35.6898
35.8503 255 0 58.726
21.5945 255 0 50.1509
25.2927 255 0 50.0327
19.9442 255 0 44.5699
43.8292 255 0 65.2033
21.0251 255 0 42.5163
26.8651 255 0 44.7916
46.2782 255 0 58.2472
48.5804 255 0 63.5127
51.5719 255 0 72.9751
69.8125 255 0 83.9441
39.2723 255 0 64.2483
27.9049 255 0 48.6855
38.2742 255 0 53.7103
35.6956 255 0 56.2093
39.1027 255 0 61.4022
64.8732 255 0 76.609
51.0137 255 0 66.1036
49.5459 255 0 60.1895
42.9245 218 0 52.019
67.7372 248 0 45.7813
91.1194 255 0 65.6681
97.4027 255 0 83.0718
110.033 255 0 72.188
109.784 255 1 62.8442
97.406 255 0 73.2542
102.717 255 0 67.4174
72.4408 255 0 60.6338
77.4409 251 0 54.1516
59.7349 239 0 40.0763
77.6546 243 0 39.2752
122.236 255 3 43.575
122.043 255 4 46.0013
97.5258 255 2 37.272
121.231 255 4 46.1844
126.588 255 7 47.9677
112.232 255 1 39.8459
112.232 255 1 39.8459
14.6849 255 0 42.0506
114.336 250 7 37.4781
100.319 228 4 39.329
97.0715 226 2 43.5621
84.3088 204 1 41.9313
110.002 250 1 51.3221
117.812 255 0 53.1289
115.828 255 1 47.7221
118.419 255 1 53.0358
120.663 255 2 54.4628
108.023 255 2 50.8171
106.768 243 5 41.6562
99.4545 237 5 36.8647
107.044 247 4 36.1406
49.572 187 0 47.563
68.6054 222 0 64.9538
83.6353 255 0 86.8312
84.9878 253 0 79.9337
60.1791 255 0 70.0906
55.9706 255 0 53.7918
48.3839 255 0 54.4944
61.0635 255 0 70.4987
81.116 255 0 76.717
68.3478 253 0 72.7705
67.2651 249 0 64.1579
52.6754 246 0 49.2773
12.2023 255 0 24.8505
32.545 254 0 48.4202
24.7904 255 0 47.1557
28.8053 253 0 48.0625
15.751 255 1 24.1236
41.2997 255 0 62.2304
24.1088 255 0 48.0536
32.1504 255 0 53.9716
44.8294 249 0 51.6459
45.7465 254 0 56.1353
46.444 255 0 64.2465
59.859 255 0 73.3789
30.3823 255 0 48.8899
16.2099 255 0 31.4636
12.8074 255 0 29.9733
14.4166 255 0 23.8212
28.3942 255 0 44.378
64.7674 255 0 78.352
57.3384 255 0 74.5919
57.8189 255 0 67.82
49.18 216 0 53.2385
72.5958 224 1 40.5064
88.096 255 2 57.7324
88.7159 253 0 71.9556
99.5719 255 0 65.997
87.3184 253 0 66.008
97.0742 255 0 57.0354
93.2799 255 0 68.16
107.018 255 1 68.0355
79.7955 203 0 62.7455
85.594 242 1 55.9244
68.0222 209 0 39.2351
80.3604 207 3 33.5053
118.688 251 12 39.6969
94.9022 208 2 35.4339
118.25 254 5 43.7808
127.212 255 6 46.7976
112.728 245 6 37.8558
112.728 245 6 37.8558
17.1384 255 0 44.9722
100.917 247 3 34.3412
88.7426 252 2 35.8147
85.7217 254 1 39.3961
73.1893 248 0 36.798
95.4517 255 0 45.257
101.725 255 0 46.8811
101.163 255 0 42.5079
104.944 255 2 47.1295
106.544 255 3 48.2704
96.5545 254 2 46.2907
94.4568 241 2 38.2603
88.7543 221 4 34.7189
94.5092 248 1 33.5549
45.547 186 0 44.8814
60.593 254 0 59.186
73.6604 255 0 78.0374
74.7231 255 0 70.8909
57.2338 255 0 67.0378
55.5256 255 0 54.7658
50.9951 255 0 54.7855
60.7245 255 0 65.8076
76.3747 255 0 68.8853
67.3643 254 0 67.6308
66.8542 216 0 61.3425
53.0246 181 0 47.7785
16.3356 255 0 31.3866
35.1575 255 0 49.1618
27.86 255 0 49.998
32.3449 255 0 50.327
21.006 255 2 35.5007
41.3727 255 0 61.9193
25.457 255 0 48.5188
31.8083 255 0 50.6977
48.771 202 0 52.1895
48.7389 251 0 54.7284
50.4866 248 0 62.5603
61.4633 255 0 68.4186
36.4525 255 0 53.1739
23.6777 255 0 41.4118
23.1932 255 0 41.0492
23.8339 255 0 40.691
31.6831 255 0 49.5645
58.9645 255 0 70.7894
51.3032 255 0 67.0474
51.0339 255 0 61.168
44.8813 213 0 50.8296
66.893 241 0 38.8092
81.8328 249 1 53.9216
83.5372 253 0 65.7343
90.258 255 0 57.517
81.8644 255 0 58.8034
86.1072 255 1 51.1485
81.8981 255 0 61.6644
92.1609 255 0 59.9952
68.4809 253 0 55.8551
74.3348 254 1 49.9868
60.7365 231 1 36.1696
69.6007 204 3 30.4149
103.418 250 9 35.3265
81.1157 249 3 30.3833
98.3849 254 2 37.1493
108.535 255 2 41.0687
97.5066 248 4 33.8857
97.5066 248 4 33.8857
19.6913 255 0 48.7158
105.671 250 6 32.331
89.7579 245 2 33.0966
86.2158 252 0 36.2412
75.5439 249 0 35.01
100.897 243 3 44.1494
110.561 255 1 47.9775
108.837 254 2 43.9826
112.931 254 1 50.8009
113.296 253 2 51.4452
99.3468 251 3 47.7298
96.7284 246 5 37.8965
89.6932 220 3 33.1353
96.1558 242 2 30.8259
44.8598 229 0 41.6451
59.9723 240 0 55.1259
75.8732 255 0 76.6214
78.1934 255 0 73.2566
63.1519 255 0 72.1997
64.0751 255 0 60.7208
59.9657 254 0 60.7491
69.8778 255 0 75.1457
84.9312 254 0 78.2805
70.6195 247 0 71.6685
67.1416 250 0 61.8255
55.1721 245 0 50.5525
20.3044 255 0 45.549
38.8249 255 0 57.0831
27.1223 255 0 50.8136
28.9536 241 0 46.851
23.7502 255 1 41.0652
44.2989 255 0 65.0546
27.2568 255 0 49.8209
31.4976 255 0 48.1358
44.0317 207 0 48.6404
46.7351 247 0 54.2095
51.5424 255 0 66.0253
67.9657 255 0 77.2812
41.202 255 0 60.452
27.9798 255 0 43.4837
27.0126 255 0 41.7096
26.4179 255 0 40.8
33.7679 255 0 50.8501
61.3539 255 0 72.5564
51.6352 255 0 65.9441
50.0134 253 0 57.1844
42.5611 227 0 46.0602
65.1704 240 0 37.5244
83.8826 233 0 54.7101
89.5492 252 0 70.0181
99.4474 250 0 63.6799
91.8021 254 0 66.3015
98.0688 255 1 58.3465
89.7237 255 0 66.5777
97.4358 254 0 61.8958
70.4206 234 0 55.5831
73.6607 234 0 48.7072
58.9162 222 0 35.0386
72.323 246 0 30.8032
109.782 248 13 34.4409
108.258 240 9 37.5657
88.1139 252 3 31.2565
109.064 248 5 38.539
114.553 254 7 39.9924
102.228 248 4 32.2471
102.228 248 4 32.2471
9.67487 255 0 29.996
93.8565 252 0 35.0819
86.7877 206 1 34.6102
81.6938 238 1 37.9741
70.8393 253 0 37.6612
92.744 254 1 48.8885
95.1329 250 0 50.2619
92.7158 248 0 44.6402
95.8283 249 0 47.3082
101.939 247 1 47.8725
90.2416 245 2 42.1928
92.6753 234 1 36.2856
89.4374 242 2 32.2759
95.5532 234 2 33.0075
50.3639 200 0 41.7904
61.8632 207 0 56.1682
72.2228 254 0 73.329
69.8456 255 0 67.3462
45.5964 255 0 53.8583
35.8176 255 0 42.7682
28.5056 255 0 39.6502
43.4639 255 0 53.8242
64.7154 254 0 63.8826
59.1754 254 0 64.2174
61.2 206 0 56.9165
47.0285 194 0 38.1504
11.2071 255 0 28.4823
28.1333 255 0 44.9456
23.7546 255 0 45.4107
30.0424 253 0 46.9164
12.7043 255 0 23.3294
30.7168 255 0 50.2312
18.5476 255 0 38.0035
29.195 235 0 46.2713
43.9843 225 0 47.3617
43.7401 254 0 51.098
42.112 254 0 56.4678
48.9873 255 0 60.5954
21.2518 255 0 36.8949
7.60265 255 0 19.3999
4.65234 255 0 13.3906
7.52226 166 0 13.8099
16.6174 255 0 29.8439
49.7831 255 0 60.4818
45.9929 255 0 59.755
50.1694 254 0 56.9232
46.4141 187 0 47.8144
68.2443 212 1 32.1859
80.9741 234 1 47.1771
77.1669 252 0 59.0259
82.4678 237 0 54.3643
66.5237 254 0 52.9064
74.7481 255 0 51.3204
69.2328 255 0 58.8901
84.938 255 0 60.0795
70.5926 247 0 56.4926
74.6555 234 0 47.3059
62.7776 234 0 32.2142
74.2018 222 1 28.1416
99.6941 235 1 34.8211
98.0123 235 2 37.6885
76.4992 204 1 31.8961
95.4526 240 2 40.8517
104.358 245 3 43.3996
96.0344 227 1 35.3456
96.0344 227 1 35.3456
10.101 255 0 31.2787
114.114 247 5 41.9744
101.615 254 0 42.1577
95.2285 253 0 44.8633
81.2023 205 0 42.2851
106.156 253 0 54.1496
113.542 255 1 58.878
115.239 255 2 55.4568
119.294 255 1 60.1671
123.75 255 3 59.548
112.685 255 4 54.1616
110.041 255 2 44.1879
104.419 235 0 39.4741
109.305 250 0 39.4662
52.317 190 0 48.9156
65.4953 255 0 63.6035
74.2567 255 0 78.9838
76.7988 255 0 76.2927
50.3607 255 0 65.8155
44.2372 255 0 50.0106
43.1794 255 0 51.8308
66.1946 255 0 74.0081
88.8885 255 0 79.938
75.9881 255 0 75.0945
76.7972 247 0 68.4137
56.1604 199 0 47.3286
16.0286 255 0 38.1998
36.7907 255 0 57.7539
26.3289 255 0 51.4229
32.1459 250 0 51.8303
14.7758 255 1 23.5137
34.7183 255 0 56.6958
20.6475 255 0 39.436
31.0512 251 0 47.499
52.6554 246 0 57.4606
51.8472 250 0 60.2492
52.9839 255 0 69.5087
67.3899 255 0 77.2761
32.9997 255 0 54.0341
11.7785 206 0 20.957
6.39149 128 0 8.92453
9.87193 180 0 14.0191
21.6929 255 0 38.3408
55.8603 255 0 70.3433
48.3521 255 0 64.2725
52.8144 251 0 62.7752
49.4674 243 0 55.6865
81.0663 249 0 42.0981
97.1157 251 0 58.389
98.0471 255 0 75.5939
106.631 255 0 70.4519
94.2985 255 0 72.5133
97.0745 255 0 66.7543
86.4654 255 0 73.097
100.315 255 0 70.4323
75.5823 255 0 62.4515
84.0727 253 1 56.7587
70.7662 231 0 41.8958
86.6262 248 4 37.3105
122.524 255 4 43.7299
121.862 255 8 47.6845
95.4205 220 1 40.0021
116.369 253 1 49.6721
125.338 255 6 51.9406
112.349 254 2 42.0584
112.349 254 2 42.0584
21.2257 255 0 49.8106
78.8376 255 0 45.8016
77.6608 255 0 48.1215
73.26 255 0 48.9045
60.1014 255 0 42.8868
71.927 255 0 50.8794
71.6321 255 0 50.482
69.3194 255 0 45.8184
71.1558 255 0 48.5675
79.7609 255 0 54.0341
75.8656 255 0 53.0262
78.4052 255 0 49.5774
77.6704 255 0 46.7646
82.5133 255 0 47.8997
47.9374 255 0 46.3147
57.9911 255 0 56.5954
66.2382 255 0 72.6977
62.8789 255 0 70.0211
41.557 255 0 59.7106
30.7015 255 0 38.9104
26.1446 255 0 35.4479
39.0064 255 0 53.6095
60.0734 255 0 66.6667
60.6278 255 0 71.0087
59.9019 255 0 60.916
51.8377 255 0 50.2514
19.3934 255 0 43.7918
36.1494 255 0 61.7398
37.8165 255 0 69.8696
43.538 255 0 72.6602
15.497 255 0 32.3418
36.5669 255 0 59.1158
27.5226 255 0 51.5896
40.291 255 0 68.4568
48.056 255 0 55.4578
47.9122 255 0 60.3841
52.5704 255 0 73.3597
52.4727 255 0 72.0279
26.1955 255 0 47.3083
12.6018 255 0 23.8904
12.5645 255 0 23.8061
13.1393 255 0 23.5308
21.1434 255 0 40.8143
50.9661 255 0 70.572
48.7533 255 0 66.1072
51.811 255 0 64.4102
47.3408 255 0 54.4451
63.4136 255 0 45.4036
74.2719 255 0 57.3288
72.3474 255 0 66.5762
68.0148 255 0 57.4539
52.8341 255 0 49.8872
52.145 255 0 45.1327
55.336 255 0 56.2413
72.2405 255 0 62.271
62.5945 255 0 57.622
66.1904 255 0 51.2716
57.2388 255 0 41.7389
67.8844 255 0 42.9142
86.9812 255 0 49.5311
79.986 255 0 48.4768
60.7573 255 0 37.883
73.8492 255 0 45.9092
85.6441 255 0 52.3634
81.9058 255 0 48.2991
81.9058 255 0 48.2991
17.0551 255 0 45.6572
116.659 255 6 44.0148
109.139 255 2 43.3763
103.914 255 4 47.4319
86.4878 238 3 44.2232
109.877 255 2 54.5389
113.661 255 2 56.6546
110.046 255 1 52.7541
110.883 255 0 58.4896
116.382 255 5 61.2862
106.201 255 4 57.6616
108.683 255 7 49.1627
105.82 255 7 43.3387
113.742 255 7 41.3013
64.5821 213 0 50.9297
80.2907 255 0 69.2838
92.3875 255 0 87.0228
86.87 255 0 78.5986
59.8011 255 0 64.6025
44.4439 255 0 45.7037
35.5035 255 0 44.2316
50.9166 255 0 61.5007
72.4035 255 0 74.3326
66.2963 255 0 71.9854
70.7255 255 0 69.2655
59.1262 225 0 52.9969
12.6048 255 0 24.0647
29.569 255 0 45.8711
22.77 255 0 44.109
30.3729 255 0 49.5951
17.1895 255 0 25.7009
45.665 255 0 63.4024
30.7845 255 0 54.9677
43.182 255 0 62.5768
49.444 232 0 55.1751
47.0948 255 0 56.5442
46.1374 255 0 61.6032
54.5282 255 0 66.7487
25.3141 255 0 38.9828
13.217 255 0 21.373
15.0714 255 0 22.6901
15.145 238 0 19.8317
26.5343 255 0 35.4165
66.534 255 0 73.7329
63.9838 255 0 76.1224
66.5839 255 0 70.2705
60.8055 254 0 59.4561
83.2294 255 2 44.3059
93.9606 255 2 63.7917
88.4705 255 1 76.4373
93.9401 255 2 68.7863
76.3917 255 0 64.4323
85.1665 255 1 56.99
84.3373 255 0 67.3635
103.908 255 1 70.5608
85.0684 255 0 66.9941
94.515 255 0 59.4541
81.0625 230 0 41.5574
93.8768 254 5 37.1169
125.058 255 10 47.5288
119.348 255 10 51.0534
93.6249 255 5 41.1671
116.044 255 6 49.2782
132.504 255 3 53.5939
120.712 255 5 44.4946
120.712 255 5 44.4946
10.0197 255 0 33.5257
101.925 246 0 36.7259
92.5499 199 0 36.1553
87.8233 206 0 39.9467
76.3214 209 0 38.7495
100.081 242 0 48.5236
109.597 253 0 52.0762
103.18 244 0 46.4271
108.705 249 0 52.0187
111.333 248 0 54.4566
97.4131 248 0 50.1904
99.1442 231 0 43.1372
93.5458 211 0 37.3928
98.7841 211 0 34.8803
50.3988 160 0 45.4611
67.1508 214 0 63.4008
83.9767 255 0 85.9348
83.8136 254 0 78.1837
65.6704 255 0 71.9891
58.8741 254 0 54.3818
52.0804 255 0 52.9423
64.2064 255 0 68.8822
82.1593 238 0 75.9693
73.9459 237 0 75.4913
70.897 227 0 66.3428
57.4716 207 0 52.4363
16.5692 255 0 30.7493
38.7148 238 0 52.8868
31.4634 253 0 53.515
35.5163 225 0 53.7989
24.5444 255 0 44.3007
53.0769 255 0 73.5284
35.9899 255 0 62.3431
40.4516 252 0 59.3379
51.2467 228 0 54.2079
53.6995 253 0 59.9668
54.6335 252 0 67.2216
66.9581 254 0 74.0875
36.8899 255 0 51.9288
20.67 255 0 34.1918
20.5292 255 0 35.0223
25.2901 255 0 38.2409
37.104 255 0 52.6211
69.7345 255 0 80.092
63.3638 255 0 78.4945
59.3814 254 0 67.0578
50.0963 191 0 53.2321
69.6955 211 0 39.1373
84.7887 207 0 58.3738
87.511 247 0 71.4551
93.5642 230 0 63.3081
84.4234 241 0 61.7109
92.2075 240 0 54.7185
88.32 254 0 64.5364
98.3255 239 0 63.9122
77.2194 238 0 61.6885
77.8728 192 0 50.7663
62.987 184 0 33.2131
71.0647 190 0 28.7711
107.75 236 0 40.0404
106.975 238 0 44.134
87.3996 186 0 35.9526
104.991 245 0 42.6979
111.536 228 1 44.2805
102.982 223 0 36.9263
102.982 223 0 36.9263
10.2237 255 0 35.3889
105.66 255 5 41.0389
96.3669 253 3 37.4157
90.0481 230 2 42.6419
75.5107 210 0 41.9473
95.5762 255 0 52.696
100.098 255 0 55.9591
98.3393 255 0 52.2131
102.619 255 2 58.3839
111.172 255 2 61.9961
100.204 254 1 57.1162
104.597 255 5 48.6784
99.2134 254 6 40.7691
105.823 255 4 36.8418
52.3436 210 0 47.6382
67.402 228 0 65.5539
79.613 255 0 84.9445
74.6611 255 0 76.7512
50.2948 255 0 63.8596
32.1832 255 0 43.1297
26.4229 255 0 41.3261
53.1545 255 0 65.0881
79.8985 255 0 78.5079
76.4007 255 0 77.7841
77.6668 253 0 72.251
62.0534 222 0 55.7079
13.5684 255 0 27.7317
37.7564 255 0 56.1464
31.3419 255 0 54.9445
41.8043 255 0 63.6994
21.1046 255 0 39.2876
47.8403 255 0 69.3287
35.2878 255 0 62.284
43.0207 255 0 65.0508
57.0353 246 0 60.3585
58.244 250 0 65.2263
57.7573 255 0 70.9874
65.5741 255 0 75.1315
28.5001 255 0 45.0041
8.73822 241 0 16.5576
5.8111 141 0 6.57385
11.8809 227 0 17.9793
27.6906 255 0 42.8561
59.4976 255 0 73.6205
59.1381 255 0 76.2365
58.1311 254 0 67.7758
51.3532 207 0 56.15
75.4056 228 0 43.095
92.3432 248 0 65.641
92.1108 255 0 77.6853
91.6331 255 0 69.8436
73.5784 255 0 64.8799
73.2503 255 0 56.5194
69.717 255 0 63.634
86.6895 255 0 66.2588
73.1666 249 0 64.4467
78.0795 229 1 54.7345
65.4876 185 0 35.0561
76.7818 243 3 29.781
114.323 255 10 42.7028
109.071 255 5 47.5483
84.7879 231 3 38.2584
102.92 255 1 46.1424
110.84 255 5 47.1927
102.49 253 6 37.1406
102.49 253 6 37.1406
14.9142 255 0 38.8396
119.577 255 0 45.3704
102.129 255 0 44.4336
99.9001 254 0 49.7874
86.0603 250 0 46.6841
113.243 255 0 59.1012
120.542 255 0 62.2085
120.196 255 0 57.391
124.99 255 1 60.8574
129.043 255 1 61.2962
117.237 255 2 57.4827
114.045 255 0 47.5737
107.229 255 0 42.5976
114.507 255 0 42.3653
54.8814 252 0 52.3039
72.761 253 0 69.2496
85.533 255 0 87.0584
88.4477 255 0 83.7506
68.1856 255 0 75.9793
66.0212 255 0 64.5155
57.1491 255 0 60.5084
69.8412 255 0 76.436
89.5091 255 0 82.3212
79.6455 255 0 81.4894
80.0713 254 0 74.2497
61.2983 235 0 56.2433
20.1842 255 0 42.1849
40.8455 255 0 58.7723
34.7675 255 0 62.1685
40.5734 255 0 63.7441
20.8855 255 0 37.7525
46.5358 255 0 66.236
28.6741 255 0 51.981
36.1318 255 0 57.7424
57.0631 234 0 63.1067
56.9766 254 0 66.6151
59.3721 255 0 76.1735
70.6121 255 0 80.254
39.3969 255 0 58.5633
24.9879 255 0 41.7346
29.2598 255 0 43.1879
30.3091 255 0 44.1397
35.9243 255 0 53.2415
67.1948 255 0 78.354
58.7327 255 0 75.1846
57.9772 255 0 68.7058
51.5059 255 0 58.0803
79.8144 231 0 46.3214
99.6796 255 1 65.1558
101.758 255 0 79.0633
110.113 255 0 70.0801
97.0818 255 0 70.5892
102.358 255 0 65.9188
94.9165 255 0 76.2242
105.182 255 0 74.2152
81.1323 255 0 67.6787
86.341 254 0 61.5709
69.6518 254 0 44.1457
84.8698 252 0 38.7688
125.17 255 0 45.2834
124.617 255 0 49.2385
97.7249 254 0 41.2728
118.532 255 0 52.0028
128.117 255 0 55.9975
109.174 255 0 42.8274
109.174 255 0 42.8274
12.069 255 0 38.4442
129.006 255 3 52.6376
122.683 255 1 51.0849
116.032 255 2 52.3736
94.4351 254 2 46.0493
114.502 255 2 54.4308
114.167 255 4 53.5282
112.5 255 3 51.1734
114.702 255 3 55.6188
126.145 255 3 61.7398
119.243 255 2 61.1141
125.821 255 3 57.4092
121.94 255 2 52.6901
132.654 255 3 52.99
66.7694 241 0 49.1138
76.5867 255 0 66.1735
77.5962 255 0 80.1831
75.6892 255 0 67.2346
36.5495 255 0 42.9818
28.1131 254 0 27.5216
23.1128 252 0 27.8688
39.8956 255 0 47.7997
73.4184 255 0 66.3951
66.9318 255 0 71.7757
78.6641 255 0 68.989
70.2075 254 0 53.2116
11.0959 255 0 20.2479
23.126 255 0 40.7058
20.9549 255 0 45.0206
30.2186 255 0 54.255
12.2774 255 0 16.7165
24.064 255 0 40.8432
17.9201 255 0 36.3246
30.6485 255 0 56.4855
55.9271 255 0 59.8139
49.1029 255 0 60.2065
43.0527 255 0 63.7323
46.7269 255 0 60.5256
15.7221 255 0 29.6556
7.90045 251 0 13.9794
6.88501 33 0 4.31939
8.69835 253 0 10.2132
12.5977 253 0 19.1269
45.3727 255 0 58.3711
46.1507 255 0 66.0466
54.635 255 0 66.5546
55.4095 254 0 58.603
96.6012 255 2 49.6103
110.382 255 1 65.6747
100.271 255 0 72.6558
99.6777 255 1 62.2718
72.6061 255 0 51.8641
76.9039 255 1 45.1291
73.5244 255 0 51.557
104.003 255 0 62.298
87.7612 255 1 61.2799
102.391 255 0 57.6597
90.686 255 2 45.1461
105.805 255 2 45.8344
139.784 255 3 56.0823
130.127 255 4 55.5768
96.5917 255 2 41.5388
120.481 255 2 50.8943
139.985 255 4 57.9327
127.075 255 3 50.7174
127.075 255 3 50.7174
14.7452 255 0 41.55
118.718 255 2 52.9934
110.446 255 2 53.5022
103.713 255 0 55.5027
87.0366 235 0 51.2557
108.649 255 0 63.772
111.958 255 0 65.715
109.986 255 0 60.0675
111.366 255 0 62.5254
119.309 255 0 64.8624
111.305 255 0 61.4701
113.595 255 1 55.2389
110.446 255 1 50.6184
119.41 255 2 51.2662
62.2076 251 0 56.4594
74.8699 255 0 72.2333
79.9481 255 0 84.9029
82.3629 255 0 79.8407
54.8073 255 0 65.9268
48.6627 255 0 53.2894
35.6669 255 0 45.6829
42.7232 255 0 57.3269
70.2983 255 0 73.4291
58.1583 255 0 67.5925
67.4042 255 0 68.7265
63.0238 254 0 57.3901
5.78748 46 0 3.24244
11.394 255 0 23.2065
6.96841 255 0 11.4433
10.8675 255 0 17.5574
8.76721 230 0 8.25727
26.023 255 0 47.2727
9.89022 255 0 20.7958
17.1747 255 0 29.4126
46.4607 247 0 55.1943
37.9532 247 0 48.605
28.1789 255 0 42.2828
40.5706 255 0 57.6497
10.7178 255 0 25.9616
7.68769 255 0 18.0704
14.7628 255 0 29.8188
16.4342 255 0 28.1116
19.1848 255 0 33.738
55.7761 255 0 69.7518
44.5475 255 0 61.9768
54.0045 255 0 65.5706
54.9188 254 0 61.1815
87.608 255 1 50.5722
101.731 255 0 67.7012
92.9246 255 0 76.4506
96.7968 255 0 69.7608
76.4444 255 0 64.2667
85.2231 255 0 61.1829
85.4104 255 0 72.2257
103.334 255 0 76.1142
84.3561 251 0 68.9354
94.8484 255 0 64.4749
81.6293 249 0 48.6534
94.2485 254 2 44.8332
128.889 255 3 54.7903
122.541 255 2 56.9686
93.8528 251 0 46.5339
116.367 255 0 57.8207
131.465 255 0 63.0817
123.127 255 1 54.0893
123.127 255 1 54.0893
13.441 255 0 42.3809
141.926 255 9 44.1093
124.788 255 5 45.3466
119.402 255 4 48.5462
104.266 249 0 46.0905
137.167 255 1 56.8702
145.425 255 4 60.0813
143.418 255 3 58.0182
142.711 255 1 68.8014
146.406 255 2 73.1887
130.767 255 3 71.5076
130.255 255 4 56.3809
120.527 255 5 48.2917
132.984 255 7 44.1435
63.3346 219 0 57.9
86.247 255 0 80.2932
100.665 255 0 99.1744
101.096 255 0 92.8313
70.2627 255 0 78.7347
63.9553 255 0 62.3427
53.2492 255 0 65.3694
67.9608 255 0 84.2934
90.6381 255 0 96.9532
73.3765 255 0 85.2831
73.6616 255 0 79.8232
56.6339 240 0 61.2974
9.48075 255 0 19.4231
28.532 255 0 50.5702
16.3385 255 0 38.8577
22.0721 255 0 44.2968
22.3674 255 0 40.4617
56.5716 255 0 74.9265
38.7928 255 0 63.9388
51.3146 255 0 72.9802
46.4038 249 0 59.416
45.9073 255 0 61.9
44.1164 255 0 65.9745
62.3265 255 0 81.3642
29.6333 255 0 53.6215
18.6277 255 0 35.8337
15.4972 255 0 30.8145
21.0662 255 0 35.1157
38.1138 255 0 55.1142
80.9178 255 0 88.5701
75.9493 255 0 88.1335
77.0332 255 0 82.8535
65.9946 245 0 67.4304
82.4369 255 0 53.288
97.8678 255 0 77.9736
100.252 255 0 94.3293
112.89 255 0 89.8413
98.4537 255 0 88.5072
112.283 255 1 71.6307
109.989 255 0 78.6607
131.714 255 0 78.0235
101.176 254 0 76.9807
106.214 254 1 66.5867
83.6 248 1 48.3613
96.565 254 4 42.6193
144.978 255 3 49.3777
144.142 255 2 56.0407
116.006 249 1 44.0229
146.729 255 1 50.3905
158.346 255 7 51.2813
136.193 255 5 41.7837
136.193 255 5 41.7837
10.6771 255 0 40.2554
93.3872 236 1 31.0509
81.7997 241 0 32.2039
78.5497 235 0 34.642
68.7444 238 0 33.2877
90.1263 253 0 41.9369
99.5657 255 1 45.0925
94.9572 247 0 38.8949
99.3981 245 2 43.6801
102.111 252 2 44.5131
88.2555 250 0 39.8685
89.3347 245 0 34.145
81.6592 232 1 30.3446
88.1035 241 0 30.4
41.9523 206 0 36.594
56.1813 247 0 49.4963
68.7106 255 0 67.7601
72.3703 255 0 66.5623
51.0633 255 0 58.4173
46.3271 255 0 45.1081
41.3867 255 0 46.1549
52.9026 255 0 60.9434
68.0197 251 0 63.9858
56.5955 253 0 59.3171
54.4938 243 0 50.86
43.1263 238 0 38.6693
15.3891 255 0 37.9298
29.8834 255 0 48.333
21.666 255 0 42.9578
23.0796 250 0 38.1793
12.8998 255 0 27.7242
34.5923 255 0 55.7405
18.4439 255 0 35.565
25.6496 255 0 39.3987
36.2878 231 0 40.8552
37.8247 255 0 45.0572
39.4557 251 0 53.4627
51.5561 255 0 62.4251
28.2949 255 0 47.7813
15.9949 255 0 29.6207
10.4614 255 0 22.4804
9.56073 145 0 12.2457
22.6668 255 0 37.9162
54.6272 255 0 65.2567
45.3696 255 0 57.698
45.4307 252 0 49.8545
40.0427 227 0 40.5226
59.8054 226 1 32.53
73.7814 250 2 44.6276
73.9479 250 0 55.6232
84.338 251 0 52.627
74.5128 255 0 53.9941
82.1301 253 1 48.0789
77.8421 255 0 57.6609
86.9884 249 0 55.0201
68.2639 218 0 50.9458
68.8394 228 0 42.2509
54.7727 210 0 30.6381
63.7364 215 2 27.2453
96.2938 251 6 31.7277
97.3581 248 5 34.376
78.3388 224 0 28.3859
97.3644 241 1 35.7164
103.854 251 5 38.2631
91.5701 236 1 30.9521
91.5701 236 1 30.9521
13.0325 255 0 40.4763
97.6696 253 5 31.0734
91.8483 240 3 30.8645
86.3168 243 2 34.8441
70.7489 217 0 32.9446
90.6012 251 2 41.3181
94.3834 250 1 44.079
93.946 251 1 41.7529
95.4909 248 3 46.9894
101.608 249 4 49.3848
93.6601 253 3 47.1783
93.8101 254 5 37.178
90.7448 247 3 31.8333
97.3305 254 2 28.8893
53.4122 210 0 46.2294
67.0978 245 0 60.8765
77.7392 254 0 76.1949
72.963 252 0 65.3233
52.1421 238 0 55.738
43.8904 234 0 44.6683
40.5908 245 0 45.841
54.5814 254 0 59.2318
73.5294 253 0 68.2096
68.2899 253 0 69.5068
70.3207 239 0 66.2607
59.5018 233 0 53.9881
12.9479 255 0 26.1952
32.8392 255 0 46.9873
27.4199 255 0 49.2912
37.3203 254 0 60.5591
16.6346 255 0 27.3268
44.6311 255 0 59.7666
31.7493 255 0 50.8494
42.5428 254 0 60.6576
53.4465 220 0 57.9377
52.2839 255 0 60.4698
52.7691 255 0 66.266
59.2623 255 0 66.0292
30.9296 255 0 44.6433
16.482 247 0 28.1163
16.8185 255 0 27.2796
18.944 254 0 27.2803
27.4457 255 0 36.1603
59.1504 254 0 64.7319
58.9905 255 0 69.4531
59.0658 248 0 64.4127
53.3712 243 0 54.8022
73.551 235 1 37.862
83.4954 252 1 55.8574
82.6281 254 0 68.1646
84.578 252 0 58.9488
70.9329 252 0 55.5723
73.0479 254 0 47.1931
71.5729 254 0 54.388
86.516 249 0 55.4985
69.3137 254 0 53.3922
76.1398 249 0 47.4702
66.2732 242 0 33.5405
77.0822 231 3 27.5121
104.016 255 7 32.6191
99.6924 249 8 36.884
76.3043 230 3 29.2696
94.3369 251 4 34.6402
105.848 255 1 36.1998
93.9193 254 3 28.0071
93.9193 254 3 28.0071
5.07593 216 0 23.0344
85.9473 222 0 39.3026
85.9299 246 0 39.8574
78.4731 209 0 40.8181
63.6284 243 0 36.8765
78.0458 215 0 45.1327
80.4013 225 0 48.0241
77.2648 242 0 44.6764
79.3155 242 0 47.7576
86.352 241 0 49.7972
78.2893 246 0 45.5937
86.3866 251 0 43.0466
85.6947 240 0 39.6334
94.5396 234 0 40.91
49.572 251 0 43.8407
56.2924 247 0 55.7041
54.0198 254 0 62.7503
52.3668 255 0 56.6628
29.3345 240 0 42.3773
23.5867 217 0 32.3
18.7034 214 0 29.9402
28.1039 252 0 42.1944
47.2369 242 0 53.8166
45.9752 221 0 55.5881
53.179 211 0 55.5766
48.1697 198 0 45.8771
2.43778 54 0 3.0894
12.7498 250 0 25.8669
6.91933 253 0 19.7839
16.2966 239 0 32.3008
4.06793 42 0 2.99094
15.331 255 0 28.996
4.65777 255 0 11.5911
18.0535 252 0 30.7742
39.2978 226 0 49.0525
33.2844 254 0 45.2857
26.7223 255 0 42.0929
30.4005 251 0 44.997
9.24811 255 0 22.3876
2.82512 155 0 7.09876
5.02437 204 0 13.821
4.08501 75 0 4.75056
7.80308 245 0 15.942
33.0759 254 0 47.0748
31.9375 255 0 47.2935
41.7167 254 0 52.647
43.3752 217 0 49.4606
68.4304 246 0 41.2096
74.2675 251 0 53.0164
64.7743 251 0 57.722
65.884 248 0 51.7249
48.6004 241 0 46.4501
54.3286 218 0 44.2626
51.1587 246 0 47.7113
69.7718 229 0 51.9839
60.8323 227 0 50.7215
71.1079 252 0 47.7279
63.485 246 0 36.6652
74.4777 236 0 35.6425
94.1298 238 1 43.1839
86.8606 244 0 43.9976
65.915 227 0 35.4965
81.8098 232 0 43.5474
91.7951 239 0 46.5278
91.1136 226 0 42.0001
91.1136 226 0 42.0001
7.67635 165 0 21.1391
97.9909 254 4 33.4883
89.6203 224 2 34.3581
83.3747 214 2 37.0332
71.7994 246 1 35.9154
91.755 244 0 44.4173
98.2848 252 0 47.503
94.1406 234 1 41.7818
97.7148 250 2 45.864
103.57 245 2 47.5343
92.1983 246 2 43.2171
95.6097 253 3 37.0212
89.5021 242 4 32.7099
98.1933 255 6 32.8969
45.3741 188 0 42.5217
58.7206 232 0 57.3928
63.9861 237 0 68.3634
66.4463 248 0 65.3373
43.0763 255 0 52.9861
37.2961 234 0 38.9856
30.0664 216 0 36.3072
42.9583 248 0 51.8941
64.0217 253 0 62.5607
56.7377 248 0 61.1986
59.3447 204 0 57.6926
48.0681 228 0 43.9153
9.17033 255 0 25.3911
23.9564 245 0 40.1614
17.7809 255 0 37.4658
24.9034 253 0 45.5397
9.29207 255 0 19.173
26.8001 255 0 47.2092
14.6584 255 0 31.6717
23.7864 240 0 42.7722
41.8001 252 0 48.4961
40.3894 255 0 50.9111
36.4395 222 0 50.9277
45.5765 251 0 56.1263
19.8041 255 0 35.3002
10.1457 205 0 20.3167
9.00422 206 0 17.8577
9.00307 214 0 16.4449
16.4319 255 0 30.6105
45.6252 255 0 57.6292
40.8432 255 0 56.5117
44.169 255 0 55.0988
41.2426 226 0 47.4908
66.7664 245 1 36.2548
79.6601 250 1 50.4544
76.4123 251 0 61.3983
82.2977 246 0 53.9984
66.2609 231 0 50.7563
75.0573 224 0 47.01
68.8417 251 0 55.2497
84.8464 241 1 57.5367
67.7578 241 0 55.385
72.3586 233 1 47.7535
59.1541 227 0 33.6839
72.2635 219 3 29.686
104.322 244 6 34.7399
101.142 252 5 37.1301
80.3707 254 3 31.1229
97.4704 253 6 38.2129
106.505 255 6 40.736
97.5421 238 7 33.2416
97.5421 238 7 33.2416
12.9511 255 0 40.668
112.656 255 3 36.8844
112.741 254 2 39.4307
103.05 255 1 39.2489
83.631 247 0 34.76
101.653 255 0 42.0323
103.556 255 0 44.0315
102.048 255 0 42.0993
104.014 255 0 47.0526
114.798 255 0 50.4933
108.764 255 0 48.5377
113.13 255 0 42.7919
112.784 254 1 40.5384
120.351 255 1 39.6445
69.9043 244 0 51.0296
73.6948 247 0 60.3377
70.7489 255 0 68.7367
68.5019 255 0 59.472
39.0534 255 0 47.1003
34.0038 255 0 36.8798
30.7053 255 0 40.1457
42.7161 255 0 52.2334
67.286 255 0 63.5353
62.2881 255 0 65.0716
75.0834 255 0 66.8045
72.7533 249 0 56.6394
6.43009 255 0 11.4028
19.5878 255 0 35.8125
13.0595 255 0 28.9586
24.0094 255 0 44.7934
11.1572 188 0 14.187
28.5675 255 0 45.4371
18.9574 255 0 35.1643
32.1571 254 0 48.0088
56.3055 249 0 61.3042
46.5348 255 0 55.9956
38.9165 255 0 54.1792
46.0017 255 0 56.9576
16.1349 255 0 30.9107
8.58309 253 0 18.1209
8.58888 149 0 10.1594
8.7034 100 0 8.47764
15.5266 255 0 25.6138
46.2794 255 0 54.894
0.23825 5 0 0.544132
56.3997 255 0 61.0532
59.799 252 0 59.2046
95.7742 244 0 46.6694
103.455 254 0 59.1977
92.0239 254 0 67.5481
92.7125 255 0 57.4308
71.0863 255 0 54.0578
74.948 255 0 46.075
70.0218 255 0 49.9241
94.6483 255 0 52.7829
78.4187 253 0 51.3279
94.7538 253 0 49.7377
88.1908 246 0 41.9015
101.387 254 1 38.9693
125.799 255 2 41.4185
117.368 255 0 42.0281
86.3575 254 0 31.9301
108.291 255 0 38.7748
124.314 255 4 42.5571
118.839 253 2 38.1281
118.839 253 2 38.1281
13.6225 255 0 42.1945
71.2201 252 0 26.209
64.3096 242 0 27.1573
60.0179 205 0 29.8963
49.3913 166 0 27.501
64.044 237 0 34.6924
67.9736 255 0 36.4969
68.426 253 0 32.5851
71.0238 255 0 33.8144
76.1199 255 0 34.3232
70.4098 250 0 31.9872
69.7816 248 0 26.0413
66.3659 238 0 23.2727
70.7928 237 0 23.9509
34.3023 189 0 32.5818
43.7284 249 0 41.5277
48.5172 252 0 49.9319
49.5087 219 0 47.9736
34.6879 254 0 42.2674
31.1214 254 0 35.3825
22.2531 241 0 31.3422
31.284 252 0 42.3591
49.2397 245 0 49.4965
46.5053 237 0 52.21
48.1071 230 0 47.1566
40.3193 183 0 36.9942
8.69389 255 0 21.2185
22.7975 253 0 39.129
21.4088 255 0 42.6993
26.6501 242 0 44.3245
6.66152 254 0 12.0869
22.6091 255 0 36.8447
11.6746 246 0 22.9458
18.2371 192 0 31.5627
36.2898 211 0 41.5827
36.0391 255 0 44.0442
37.0346 250 0 51.3056
38.6388 248 0 51.4054
18.2359 255 0 34.3968
4.01048 187 0 12.221
7.48441 255 0 21.5418
10.5072 246 0 21.0149
15.43 255 0 27.8087
36.1287 254 0 43.7198
0.119792 4 0 0.429176
33.5239 184 0 39.9391
31.5375 170 0 35.4636
50.8291 229 0 26.4241
62.2823 253 0 38.4981
60.9812 251 0 49.136
63.0523 250 0 41.2503
51.2964 255 0 39.5697
53.5301 253 0 36.6646
50.9783 252 0 44.061
60.5936 253 0 44.9223
48.116 218 0 40.6709
52.0913 190 0 37.2598
44.3415 194 0 26.8827
54.3439 190 0 22.4848
77.4819 247 0 26.1566
74.7907 246 0 27.8241
56.3766 249 0 23.0873
70.2414 251 0 30.2532
77.8018 255 0 33.1363
71.892 252 0 26.8735
71.892 252 0 26.8735
7.87322 255 0 33.8639
119.497 255 6 37.6506
107.958 254 4 39.6664
104.221 252 3 42.6614
87.0921 242 2 39.3879
113.003 255 2 49.5491
119.66 255 0 53.1717
117.917 255 3 49.3423
116.68 255 2 54.6601
121.649 255 3 56.8369
108.545 255 3 53.5749
110.351 255 4 44.6417
104.307 250 1 40.0771
113.731 255 2 37.4386
57.7133 241 0 51.441
75.3706 240 0 66.7643
84.7938 255 0 83.9026
85.7704 255 0 78.5314
61.4758 255 0 69.5154
59.3099 254 0 56.5844
49.5304 253 0 54.6714
58.7298 255 0 69.4921
76.5894 255 0 74.6324
65.8001 254 0 69.6919
69.9973 246 0 66.8594
59.2982 229 0 57.7935
11.8158 255 0 29.6188
28.7487 254 0 43.7404
18.3835 254 0 35.1448
24.8564 254 0 42.3669
17.2226 255 0 31.4823
44.1374 255 0 61.7411
25.8793 255 0 44.1139
36.1399 255 0 54.6892
48.6448 237 0 56.6504
44.521 234 0 53.9793
42.0303 255 0 54.6497
55.2493 255 0 66.0575
30.1914 255 0 49.3742
21.3582 255 0 38.3414
22.7947 255 0 37.3115
22.7546 255 0 36.1842
29.6162 255 0 45.178
61.6644 255 0 71.3101
0.350353 6 0 0.721133
57.1868 254 0 63.8779
54.0715 238 0 57.6034
79.9021 251 0 48.6705
92.7303 255 1 63.5098
90.9449 255 0 74.3198
99.0137 255 0 65.431
85.8929 255 0 65.5227
95.684 255 1 60.7669
91.5941 255 0 68.1192
109.34 255 0 66.9135
84.082 255 0 63.5819
91.832 254 0 56.8941
74.6702 245 0 43.3991
89.1415 255 3 39.9622
125.941 255 11 40.7545
122.935 255 8 43.5069
96.0555 249 5 34.821
120.667 255 8 42.9348
132.664 255 6 45.398
122.57 255 8 38.5629
122.57 255 8 38.5629
9.22236 255 0 35.8857
98.5124 222 0 36.4532
93.7771 210 0 37.6382
86.8805 253 0 39.6057
71.3719 214 0 35.7652
88.4771 233 0 43.4367
92.0967 240 0 45.1925
90.6596 245 0 41.0806
93.1337 255 0 43.4336
103.803 255 0 46.6274
95.1751 253 0 42.552
99.3163 236 0 38.025
95.8215 219 1 34.3675
102.781 228 0 36.4532
52.4771 184 0 44.0059
61.1729 209 0 55.5632
60.0676 254 0 62.646
60.9412 255 0 56.2869
33.3114 255 0 43.2892
33.118 255 0 35.8743
29.6743 255 0 36.0577
41.5711 255 0 49.9492
66.6317 254 0 59.5152
60.1091 237 0 61.7843
63.3143 226 0 54.6724
60.0213 230 0 43.7897
7.2474 136 0 14.2915
23.0062 250 0 39.4812
17.7609 255 0 36.9357
26.5659 253 0 48.6387
6.50586 16 0 3.44772
18.6012 255 0 32.0857
9.91828 252 0 17.0908
23.5993 254 0 40.7792
46.8225 239 0 48.7522
43.0186 210 0 50.7781
38.9589 255 0 54.4295
44.8067 255 0 56.4292
17.7774 255 0 34.5653
9.28596 255 0 19.6812
9.46828 255 0 19.1371
8.18728 254 0 13.5246
10.2171 252 0 19.2042
36.6197 255 0 47.7388
0.103175 3 0 0.342542
43.5332 232 0 51.6697
46.1397 200 0 48.573
76.6958 220 0 33.8093
89.3779 254 0 47.2515
83.4856 254 0 57.8197
84.259 251 0 50.774
65.5022 255 0 47.3312
68.8224 255 0 43.333
63.1653 255 0 48.1016
82.0201 250 0 52.5168
69.2082 224 0 51.3111
78.451 212 0 47.5844
68.1338 205 0 35.3946
81.8933 217 0 31.3223
109.153 241 1 38.0878
103.254 249 0 39.5373
79.2676 201 0 32.1034
97.4232 234 0 40.3398
107.72 236 0 43.844
101.232 233 0 37.2526
101.232 233 0 37.2526
10.9841 255 0 39.5161
84.4997 236 1 31.5049
79.2436 214 0 29.5575
75.5404 199 2 32.1472
63.7026 178 0 30.7328
85.6205 255 1 41.7676
86.1007 255 1 43.7282
81.9134 245 1 40.139
82.7724 239 0 43.7897
91.8056 238 1 47.005
80.8845 196 0 41.6333
85.6793 212 1 36.4675
82.5527 203 1 31.8075
86.3384 221 3 29.8359
45.3773 172 0 34.9715
55.7716 212 0 48.3818
59.9494 249 0 60.2945
61.9163 242 0 57.9176
38.1747 255 0 47.5416
29.9388 255 0 38.3045
25.0748 255 0 36.0037
39.2936 255 0 48.7484
59.9043 255 0 58.6366
53.9993 244 0 56.8773
55.5812 210 0 50.8988
44.9784 184 0 36.9335
9.59456 255 0 23.165
23.4175 255 0 39.8106
18.8792 255 0 38.0826
24.8621 193 0 40.6168
10.1241 255 0 21.4771
27.4858 255 0 45.3348
17.2377 255 0 34.1213
26.1809 221 0 40.0263
40.1208 255 0 41.3767
40.1105 255 0 45.9607
35.8016 226 0 48.1059
44.622 254 0 54.1599
18.6391 255 0 34.3078
7.83222 218 0 17.5875
7.52232 212 0 15.2628
7.41354 222 0 11.7866
15.5454 255 0 28.2734
41.7458 253 0 52.5072
0.34437 6 0 0.747626
41.3367 255 0 47.0825
39.1408 255 0 39.922
62.3149 194 0 30.9361
73.547 238 0 44.7933
71.1916 249 0 55.2301
74.6422 227 0 50.8391
58.2403 250 0 48.1805
62.9555 254 0 44.7778
58.5401 255 0 49.4222
73.3541 253 0 49.2558
60.5201 220 0 46.3328
67.2809 226 1 40.5582
54.8614 186 2 27.2808
64.7284 211 3 24.9479
91.5533 215 5 32.6583
90.5261 240 1 36.4254
68.95 183 1 29.4332
84.9506 251 2 36.2781
90.5501 255 4 36.5712
83.7126 224 4 29.7424
83.7126 224 4 29.7424
9.45967 255 0 33.3069
97.5812 225 1 34.686
85.2155 212 0 36.5466
81.6918 207 1 39.731
70.059 199 0 36.8788
92.0909 242 1 46.2008
101.254 241 0 49.8178
99.9322 249 1 44.285
103.059 252 1 46.938
107.715 254 2 48.1298
95.1491 236 1 44.6953
93.9034 245 1 38.0236
86.469 217 1 34.6152
92.7346 225 1 34.4738
44.9544 194 0 41.9777
59.0392 226 0 56.7725
70.8354 255 0 72.8205
74.1464 253 0 70.0995
61.3664 255 0 68.1067
58.9771 254 0 58.8115
53.5104 254 0 56.5639
65.9652 255 0 69.1514
80.1619 254 0 71.278
72.5049 238 0 71.5064
68.6009 224 0 63.3665
55.1074 210 0 50.2185
25.937 255 0 51.0174
42.8371 255 0 60.1257
37.4745 255 0 65.7608
38.304 255 0 57.4745
20.6913 255 0 41.5182
42.6235 255 0 63.3293
25.1057 255 0 46.5223
29.8291 252 0 46.1086
50.1595 200 0 54.5145
52.3409 255 0 58.9985
57.6983 254 0 70.8263
68.4434 255 0 73.8357
42.8862 255 0 60.156
28.0249 255 0 41.3547
28.2788 255 0 43.6754
28.7517 255 0 40.9493
33.6264 255 0 50.2948
57.9797 255 0 68.8445
0.552083 6 0 1.0117
46.4598 255 0 55.5465
40.3839 217 0 46.1826
66.147 241 0 39.6488
85.168 238 0 54.8098
89.1093 254 0 66.3376
93.7029 246 1 57.2537
85.6079 254 0 59.8672
88.1351 254 1 55.8285
79.4284 254 0 65.7568
85.1967 254 0 60.5919
64.8602 226 0 54.2889
67.6659 237 0 48.5221
55.7054 232 0 36.3315
70.1614 209 0 33.4068
102.536 255 2 36.4989
101.869 228 2 37.855
80.7502 213 0 31.4383
98.4885 238 1 40.5687
103.884 248 1 43.7542
93.2592 242 0 35.6626
93.2592 242 0 35.6626
9.45967 255 0 33.3069
97.5812 225 1 34.686
85.2155 212 0 36.5466
81.6918 207 1 39.731
70.059 199 0 36.8788
92.0909 242 1 46.2008
101.254 241 0 49.8178
99.9322 249 1 44.285
103.059 252 1 46.938
107.715 254 2 48.1298
95.1491 236 1 44.6953
93.9034 245 1 38.0236
86.469 217 1 34.6152
92.7346 225 1 34.4738
44.9544 194 0 41.9777
59.0392 226 0 56.7725
70.8354 255 0 72.8205
74.1464 253 0 70.0995
61.3664 255 0 68.1067
58.9771 254 0 58.8115
53.5104 254 0 56.5639
65.9652 255 0 69.1514
80.1619 254 0 71.278
72.5049 238 0 71.5064
68.6009 224 0 63.3665
55.1074 210 0 50.2185
25.937 255 0 51.0174
42.8371 255 0 60.1257
37.4745 255 0 65.7608
38.304 255 0 57.4745
20.6913 255 0 41.5182
42.6235 255 0 63.3293
25.1057 255 0 46.5223
29.8291 252 0 46.1086
50.1595 200 0 54.5145
52.3409 255 0 58.9985
57.6983 254 0 70.8263
68.4434 255 0 73.8357
42.8862 255 0 60.156
28.0249 255 0 41.3547
28.2788 255 0 43.6754
28.7517 255 0 40.9493
33.6264 255 0 50.2948
57.9797 255 0 68.8445
0.552083 6 0 1.0117
46.4598 255 0 55.5465
40.3839 217 0 46.1826
66.147 241 0 39.6488
85.168 238 0 54.8098
89.1093 254 0 66.3376
93.7029 246 1 57.2537
85.6079 254 0 59.8672
88.1351 254 1 55.8285
79.4284 254 0 65.7568
85.1967 254 0 60.5919
64.8602 226 0 54.2889
67.6659 237 0 48.5221
55.7054 232 0 36.3315
70.1614 209 0 33.4068
102.536 255 2 36.4989
101.869 228 2 37.855
80.7502 213 0 31.4383
98.4885 238 1 40.5687
103.884 248 1 43.7542
93.2592 242 0 35.6626
93.2592 242 0 35.6626
93.2592 242 0 35.6626
