media	mediana	desviacion	min	max
9.5478 4.875 11.6402 0 75.25
917.474 916.375 275.594 116 1856.38
850.983 867.125 277.242 54.625 1632.75
823.805 844.813 293.243 45.125 1628
684.676 703.438 272.92 31.25 1414.25
872.426 891.063 348.856 35.5 1764.13
924.945 910.5 381.177 39 1891.5
932.661 900.375 363.615 42.875 1946.25
1017.73 1023.5 424.927 34 2038
1022.33 1042.75 411.048 38.5 2039
917.835 936.25 374.073 32.75 1943.75
889.872 905.062 301.147 73 1805.5
817.698 836.188 261.993 80.75 1620.75
848.224 862.875 248.401 116 1591
777.838 807.688 417.452 32 1680.5
872.625 881.875 504.021 16.75 2036.5
681.75 665.313 242.846 116.625 1385.5
1003.62 1007.75 291.936 150 1891.63
945.855 947.25 304.774 68.25 1895.88
844.404 834.875 286.507 49.25 1688
972.134 953.75 330.988 65.5 1875.75
1009.63 1015.31 329.881 65.25 1870.25
924.131 934.75 271.091 107 1688.25
924.131 934.75 271.091 107 1688.25
8.24485 5.375 8.90351 0 43.75
954.122 975.313 294.86 85.75 1829.25
907.536 945.312 299.705 66.25 1928.25
445.489 452.063 156.154 27.75 1074.5
1135.16 1182.25 375.188 53 1763.63
914.119 931.813 340.011 25.25 1829.75
947.062 953.438 351.137 23.75 2036.75
960.209 969.688 336.263 29.75 2000.25
1032.35 1049.06 390.024 28.125 2033.25
1047.59 1074.06 404.975 29.375 1959.25
949.996 979.688 386.077 35.375 1921.75
904.814 918.875 323.761 70 1924.75
859.888 886.438 303.504 65.5 1898
883.844 935.25 285.819 67 1956.38
805.813 816.813 443.189 31.25 1911.37
888.407 873.062 472.915 3.625 1938.25
717.428 769.125 272.696 35.25 1762.25
1037.62 1068.38 332.966 91 1924.5
982.512 999.625 329.193 86.625 1889.5
844.736 856.813 280.805 51.625 1917.5
1007.91 1013.94 329.43 59.125 1980.25
1050.36 1059.31 337.864 76.75 1947.75
976.481 1010.31 303.169 96.125 1888.63
976.481 1010.31 303.169 96.125 1888.63
8.61925 4.4375 11.2022 0 124.25
1062.01 1035.12 313.877 165.5 2035.5
1013.92 1015.69 311.412 122.5 1994.25
980.664 993.313 335.551 75.5 1970.38
789.244 812.375 315.829 57.25 1778.75
966.821 985.5 389.369 76.75 2011.63
984.292 988.688 408.657 62 2008.63
1007.14 995.625 395.494 65.5 2035.63
1074.48 1080.56 472.501 59.25 2040
1116.7 1153.62 486.337 69.5 2040
1016.34 1069.56 459.908 67 2033.38
1027.14 1055.56 372.404 77.5 1987
974.381 985.438 325.165 113.25 1985
1000.18 1000.75 285.228 157.75 1963.75
869.182 958.438 531.938 34.75 1968.25
895.312 903.938 595.538 25.25 2039.75
795.099 786.375 274.355 85.25 1689.25
1183.22 1188.81 344.331 144.75 2039.75
1098.69 1107.88 364.6 83.5 2037.75
932.35 919 320.089 74 1973.63
1081.42 1065.12 360.489 115.75 2039.38
1169.05 1158.62 365.433 115.25 2040
1095.26 1082.25 307.646 183.75 2033.5
1095.26 1082.25 307.646 183.75 2033.5
10.5967 7.875 10.3569 0 47.75
703.308 714 188.122 114 1225.88
638.74 648.938 192.805 74.125 1337.25
625.233 631.75 208.542 57.125 1246.5
525.703 533.812 199.809 41.875 1053.25
692.474 715.313 257.553 56.875 1411.25
714.831 725.625 268.479 50.75 1356
714.25 718.75 251.412 77.5 1290.25
778.782 814.375 306.98 47.875 1449.5
779.472 821.438 311.157 71 1538.5
689.607 722.688 292.947 48.75 1489.5
667.687 679.25 231.277 64.25 1405.38
628.263 630.875 205.796 56.5 1244.25
640.591 656.062 178.136 109 1205.75
565.055 568.062 352.28 21.75 1338.25
677.939 681 408.11 23 1464
476.48 483.5 168.534 49.625 1061.5
754.256 770.562 212.334 183.625 1352.88
728.807 748 229.635 134.75 1330.5
642.494 653.188 201.975 107.5 1211.75
745.837 753.75 225.591 135.375 1481.75
765.539 778.938 219.856 122.25 1545.75
695.906 712.313 181.307 122.75 1382.63
695.906 712.313 181.307 122.75 1382.63
10.0975 7.5 10.3693 0 58.25
909.638 940.812 363.027 16.625 2023.25
949.03 998.813 390.345 8.125 2038.75
877.953 921.875 384.716 4.75 2016.88
671.94 704.812 321.963 0.25 1543.75
778.007 810.688 381.43 3 1957.5
759.829 781.5 382.102 3 1936
773.549 791.938 370.389 9.75 1677.25
820.457 844.75 416.239 5.5 1984.25
904.25 944.688 446.86 9.375 2038.75
859.758 902.438 427.262 6.5 2038
910.604 964.125 396.578 9.5 1979
904.165 948.938 381.592 8 1935.88
956.923 1008.81 379.441 11.75 2011.25
842.093 847.188 492.457 3.125 2000.25
722.348 693.25 470.78 1.125 2029
782.045 837.812 350.28 1.75 1749.38
1026.25 1079.94 416.193 19.25 2012.5
897.387 950.688 392.474 14 1962.75
747.879 776.688 331.435 7 1625.38
849.626 879.625 381.291 9.375 1845.75
970 1012.44 420.84 9.875 2015.25
970.266 1011.62 391.952 10.75 1981
970.266 1011.62 391.952 10.75 1981
10.6296 5 12.8623 0 59.875
920.736 926.813 317.629 48.5 1913.5
855.348 893.25 324.024 66 1717.5
821.648 839 344.45 55 1698.25
663.131 683.688 317.651 35.625 1505.75
837.777 844.375 391.77 34 1818.88
863.867 847.25 399.851 32.625 1954.88
890.993 876.75 382.107 54.25 1939.5
972.243 980.188 455.595 31.375 2026.38
998.333 1049 470.462 22 2004.88
918.298 962.375 451.915 17.875 1963.63
873.872 906.313 354.423 25.125 1779.25
832.195 864.438 317.383 34.375 1703.5
835.641 867.75 290.152 44.25 1712.5
758.631 736.063 523.889 10.5 1832.38
843.932 810 595.391 5 2000.13
676.725 717.75 279.401 45.25 1586.13
979.239 1000.13 342.926 54.75 1934.75
935.482 953.688 362.952 35.75 1826.25
790.187 788 307.791 29.75 1601.75
937.81 925 357.042 52.75 1920.63
990.88 988.313 369.29 79.5 1961.5
919.94 940.875 313.495 74.125 1868
919.94 940.875 313.495 74.125 1868
15.803 11 14.9282 0 70
742.562 731.75 224.282 56 1457.5
699.887 695.125 239.946 29 1437
672.646 681.812 261 10.75 1389.75
553.82 577.875 245.665 9.25 1224.75
704.869 732.562 309.385 8.5 1637.25
740.866 755.125 329.577 8.25 1864
745.369 739.375 302.242 7.75 1773
821.225 831.875 345.706 47.75 1956.25
814.705 856.75 328.844 52.25 1786.75
733.265 771.75 302.877 65.5 1614.88
717.384 733.125 240.458 74 1554
670.59 671.062 212.101 84.5 1435.38
687.41 693.062 202.212 92 1378.25
639.258 658.188 363.279 22.125 1559.5
717.665 730.938 423.059 26 1799
540.817 543.438 194.975 11.5 1172.5
828.256 824.688 236.024 70 1674.62
787.072 795.375 248.625 67.75 1609.13
681.754 678 232.849 56.375 1462
776.043 774.938 275.479 4.75 1719.75
823.768 839.25 286.108 4.5 1652
764.847 761.75 233.204 17 1502.5
764.847 761.75 233.204 17 1502.5
4.1294 0 7.64731 0 47.75
706.526 697.125 283.522 58.75 1633
640.151 636.25 254.29 51.125 1623
632.498 627 282.977 40.25 1544.25
513.927 505.125 268.968 21.125 1370.13
644.102 631.125 345.927 21.75 1723
666.037 657.063 374.619 4.25 1907.75
674.972 666.75 365.721 13.625 1894.62
727.082 707.812 420.269 7.375 1987.13
745.398 724.875 412.551 23.75 1962.25
655.014 644.375 359.428 14.25 1747.5
659.759 658.875 292.236 33.25 1618.5
611.255 616.75 245.169 30.25 1441.62
641.972 640.875 233.396 56.625 1626.75
557.359 578.5 373.409 1.75 1616.63
584.162 521.625 455.257 0 1820.25
499.072 495.75 202.517 41.5 1355.13
759.57 755.875 290.75 84.875 1698.13
709.902 693.312 312.613 35.75 1658.5
616.18 604.875 292.832 11.875 1618.5
724.014 711.875 339.4 22.875 1878
760.449 744.75 327.932 62.625 1824
706.55 696.25 267.662 66.5 1693.75
706.55 696.25 267.662 66.5 1693.75
10.5899 2.5 15.9024 0 261.5
715.685 689 327.24 52.75 1701
685.45 668.625 305.071 29.375 1591.88
656.359 639.938 329.21 14.25 1605
535.191 512.312 311.356 9.625 1427
673.703 618.25 402.643 17.875 1782.75
691.188 616.125 428.143 16.25 1835.5
680.827 638.313 404.188 23.625 1776.88
752.878 679.312 462.827 29.75 2022.25
770.791 702.625 448.093 22.25 2020.75
702.549 648.625 402.125 10.125 1867.25
699.407 664.438 338.749 18.5 1700.62
668.64 658.25 297.184 16 1651.62
675.011 685.625 278.86 30 1615.13
630.425 571.625 426.873 0.25 1643.75
678.119 582.562 513.779 1.75 1982.25
552.529 568.062 238.649 19.875 1483.75
773.235 758.938 333.912 45.5 1778.75
738.248 704.5 356.085 34 1833.75
620.054 590 321.22 38 1548.75
732.736 692.625 381.398 42.75 1803.5
771.619 741.125 377.839 38.375 1821.38
724.424 711.188 314.485 41.125 1642
724.424 711.188 314.485 41.125 1642
26.6833 21.25 23.9911 0 314.375
1123.44 1153 362.349 164.25 2038.5
1073.69 1092.56 377.315 116.5 2038.88
1042.85 1059.63 425.655 102 2039.88
839.996 855 397.945 52.375 1876
1037.07 1060 475.505 63.875 2040
1046.1 1062.56 468.389 82.5 2040
1060.41 1073.12 441.157 84.5 2040
1126.38 1153.12 505.705 68.875 2040
1180.53 1215.88 534.497 70 2040
1094.01 1125.88 528.4 62.625 2040
1082.2 1105.06 423.607 109.25 2037.5
1023.17 1032.5 360.451 120 1976.5
1068.48 1085.56 326.372 137 2007.63
967.603 1002 612.897 57.875 2040
998.652 955.813 663.876 48.625 2040
878.785 891 312.662 105 1941.75
1238.09 1260.19 386.836 170.25 2040
1159.61 1176.94 416.207 125.75 2036.88
956.861 970.25 355.607 115.75 1933.5
1149.3 1162.38 420.116 180.5 2040
1237.79 1260.88 436.732 199.5 2040
1158.61 1184.88 357.949 213.25 2039.62
1158.61 1184.88 357.949 213.25 2039.62
224.56 34.125 418.038 0 2040
827.85 826.75 333.548 72.375 2021.38
745.279 738 308.076 47.25 1905.75
742.202 745.625 336.025 39.5 1949.38
624.821 620.25 321.332 24.75 1814.63
789.314 768.25 408.378 29.625 1958.25
833.068 799.25 441.024 26.125 2037.12
827.524 815.313 418.23 34.5 2039
885.866 861 473.566 36.75 2040
893.112 856.688 468.492 31.875 2038.5
793.079 772.625 425.947 31.25 2040
771.067 765.125 350.72 39.125 2038.88
713.189 700.438 304.942 38.125 1965
734.018 721.563 283.309 55.875 1902.13
530.01 425.875 451.413 0 1677.13
668.755 392.813 636.927 0 2040
684.946 474.875 628.809 0 2040
577.838 232 633.554 0 2040
541.791 355.438 544.066 0 2040
454.62 213.25 523.207 0 2039.25
529.606 151.75 639.228 0 2040
672.416 393.625 676.806 0 2040
566.296 244 620.435 0 2040
544.742 362 531.913 0 1937
145.998 66.0625 303.892 2.5 2040
225.843 55.25 432.103 0 2038.13
296.207 69.25 473.413 0 2040
228.997 101.063 378.85 6 2040
421.496 128.438 567.692 0 2040
264.021 90 451.122 0 2040
298.619 122 424.474 0 1998.63
391.005 153.75 433.899 0 1703
415.805 112.938 494.256 0 2022.75
451.576 74.8125 592.672 0 2040
547.569 115.438 659.718 0 2040
302.847 52.8125 506.359 0 2040
180.397 52.125 319.63 0 2036.5
224.041 75.0625 355.139 0.5 2040
267.466 100.375 377.787 0 2039.75
356.032 114.875 514.444 0 2040
574.951 163.063 640.639 0 2040
463.348 165.688 484.125 0 1899
409.291 215.563 394.75 0 1702
537.935 522.813 310.935 19 1736
686.849 659.5 468.744 20.25 1940.75
722.885 570.375 611.866 5.125 2040
786.818 703.312 559.87 10.625 2039.38
725.143 612 587.413 10.5 2040
770.298 715.938 526.967 17.5 2040
749.586 656.375 585.14 6.25 2040
822.96 779.188 543.51 14.5 2039.62
607.528 558.688 455.828 7 1893.63
644.159 662 389.121 20.75 1752.88
509.255 501.625 271.871 14.75 1723.88
556.024 534.5 244.095 31.5 1803.25
881.831 880.875 349.158 67 1986.38
862.619 848.562 377.425 58.25 2013.25
738.696 727.813 339.698 42.5 2001.38
896.391 874.438 406.032 47 2028
909.716 892.125 387.982 56 2018.25
837.718 837.938 324.601 72.375 1968.5
837.718 837.938 324.601 72.375 1968.5
288.785 41.625 489.581 0 2040
714.197 674 294.471 108.75 1938.75
675.264 651.562 274.152 89.5 2033.63
659.856 649 302.923 44.5 2033.62
540.204 535.625 289.104 41 1755.75
659.83 625.125 362.017 32.75 1963.5
672.049 630.438 378.943 29.25 1965.88
672.407 630.625 361.047 41.75 1941
714.488 676 408.767 26.5 2002.25
739.797 728.75 410.584 28.5 2025
687.472 710.563 381.771 38 2028
674.839 683.063 307.876 53.5 2012.25
632.118 625.688 262.236 50.75 1942.38
658.355 624.25 245.903 91.25 1946.62
478.307 361.875 415.345 2.25 1958.75
585.15 262.312 577.945 1.75 2033.75
545.595 340.188 519.635 11.75 2013.25
406.21 96.5625 480.618 2 2040
342.648 160.5 378.159 6 2039.75
310.732 114.375 382.031 0.5 2038.12
422.158 105.75 500.205 0.25 2040
574.151 403.75 561.818 3 1982.5
518.411 303.812 527.935 0 1888.75
511.356 418.5 464.332 1 2022.63
172.391 59.5625 305.844 8.5 2037.5
298.528 48.25 503.568 0 2040
209.976 97 360.548 13.5 2040
377.769 97.25 525.01 2 2040
303.548 83.3125 495.407 0 2040
333.357 95.625 461.962 0 1985.5
400.806 233.312 413.151 0 1783.75
409.379 129.125 455.237 0 2002
438.919 64.5 544.18 0 1991
469.817 101.25 549.889 0.5 2026.25
267.234 44.375 408.202 0 2040
144.971 43.5 259.659 0 2033.62
139.693 58.25 267.555 0.875 2036.75
165.57 82 270.634 1.625 2030.12
257.926 86.75 383.944 0 2039.25
465.057 108.688 539.009 1 2038.63
432.427 126.813 458.379 0 2035.75
385.611 193.188 373.759 0 1882
512.676 507.375 274.4 20.5 1858.5
594.972 619.375 397.599 22 1979.5
625.758 603.938 519.594 5.5 2020.12
631.16 612 466.921 12 2032
546.752 462.188 458.401 6.25 2000.13
549.054 499.125 401.764 13.75 1985.25
535.931 427 453.982 3 1913
637.834 581.688 462.717 12.5 2023.75
501.15 436.25 405.762 9 1920.5
543.349 540 353.388 34.75 1947.75
457.52 452.438 241.922 27.25 1823.63
541.703 527.688 221.995 57 1831.75
755.292 728.5 295.12 108.25 2031.5
715.955 694.438 315.932 44 2030.5
589.826 557.313 279.566 39 1730.5
713.256 660.938 340.268 50 1987
762.144 718.125 341.949 51.5 2034
705.817 673.562 277.504 86.125 1995.75
705.817 673.562 277.504 86.125 1995.75
356.782 50.8125 566.356 0 2040
1380.95 1409.5 402.527 117.25 2040
1179.89 1219.13 416.451 91 2040
1191.85 1241.63 440.221 95.25 2039.62
1027.17 1077.25 410.002 69.75 1906.75
1296.04 1351.06 485.42 85.375 2040
1392.43 1469 491.18 58.875 2040
1416.97 1481.06 464.594 87.625 2040
1461.87 1573.38 517.347 60.75 2040
1449.96 1567.75 535.142 70 2040
1306.07 1394.19 538.82 101 2040
1248.74 1282.88 452.13 113.75 2039.75
1133.58 1155.44 407.583 88.25 2034.5
1163.44 1205.56 380.522 94 2032.25
680.298 582.438 561.827 3 2032
780.419 498.5 704.118 11.25 2040
923.934 859 695.819 17.75 2040
689.725 391.313 644.054 10.5 2040
770.201 628.5 615.197 14.25 2040
650.08 474.625 616.394 4.875 2040
682.196 362.75 683.709 6.25 2040
926.492 819.438 769.889 8.125 2040
633.349 306.625 674.196 0.125 2040
643.114 507.063 613.763 3.125 2040
105.88 87.75 105.427 2.875 1840.75
143.411 69 315.002 0 2040
25.3311 21.875 17.1071 0 91
197.013 134.25 280.994 9.25 2040
398.72 140.25 531.199 0.5 2040
264.837 113.625 449.927 0.5 2040
335.684 138.125 487.149 1.5 2040
355.866 114.625 422.2 0 1948
352.431 91.25 466.227 0 2022.75
326.433 83.0625 496.341 0 2040
517.318 103.25 642.241 2 2040
240.149 71 396.775 0 2040
211.166 82.5 364.469 0 2040
289.462 118.25 423.828 1.25 2040
294.047 140.125 408.483 0 2040
339.665 133.188 447.951 0 2040
660.738 226.188 677.115 1 2040
550.526 195.875 593.567 0.75 2040
503.688 282.938 489.077 0.75 1884.25
742.405 723.312 406.843 30.25 1976.25
944.452 949.625 584.345 42 2040
995.157 956.5 718.192 20 2040
1202.4 1261.44 679.623 20.75 2040
1112.29 1169.63 686.287 18.5 2040
1268.39 1342.12 566.773 29 2040
1169.58 1223.75 625.395 20.375 2040
1306.38 1449 611.242 29.125 2040
924.51 926.125 573.081 18.875 2039.25
959.047 989.125 514.077 64.25 2013.5
718.904 711.75 376.419 9.5 1784.5
844.376 868.375 351.231 61.875 1825.25
1389.59 1427.75 431.719 141.25 2040
1380.89 1401.63 461.119 124.625 2040
1209.66 1222.13 408.201 87.25 2040
1467.9 1501.19 433.521 89.125 2040
1493.81 1532.69 439.405 140.25 2040
1312.69 1329.94 394.519 134.125 2040
1312.69 1329.94 394.519 134.125 2040
11.0998 0 28.8952 0 300.375
936.781 939.562 315.174 70.25 1947.13
798.373 815.813 325.676 48.125 1844.88
792.303 782.562 355.631 37 1800.63
663.255 666.5 332.03 27.5 1564.5
877.769 881.938 411.677 35.75 1998.38
982.667 975.25 446.404 38.375 2039
988.107 964.063 409.977 40.25 2037.5
1031.15 1041 454.096 28.5 2034.75
1054.95 1092.88 471.006 27.5 2023.5
917.6 947.5 444.128 18.25 1982.13
883.894 905 367.371 28 1886.88
796.801 833.625 328.491 22.25 1887.13
861.905 903.5 312.665 57.375 1925.13
348.23 205.375 375.442 0 1458.75
492.842 313.312 494.352 0 1655.13
618.126 290.125 646.594 0 2040
669.164 439.188 641.49 0 2034
568.894 215.875 640.952 0 2040
599.462 455.375 546.845 0 2040
544.529 423.125 518.344 0 2040
596.803 314.062 649.744 0 2040
736.023 534.438 709.92 0 2040
600.179 323.25 662.136 0 2040
558.059 390.312 577.761 0 1887
419.848 281.625 447.339 0 1594.88
100.99 32.5 277.778 0 2039.75
285.45 21.5 462.07 0 2039.75
171.269 19.625 390.739 0 2040
200.583 16.5 392.119 0 2031.5
161.155 61.5 351.308 0 2040
352.558 65.625 515.7 0 2040
169.597 42.4375 334.645 0 1906.5
216.173 53.5 354.479 0 1969.25
368.731 124.5 460.534 0 1715.63
386.771 76.5 502.511 0 1958.88
410.568 40.625 576.935 0 2039.5
556.722 148 665.575 0 2040
313.46 23.5 506.323 0 2040
223.476 24.5 384.308 0 2040
307.556 58.5 424.951 0 2040
287.298 67 444.557 0 2038.38
314.85 56.75 485.608 0 2040
521.262 125.688 609.067 0 2039.75
410.11 79.9375 525.098 0 2040
397.884 95.25 477.969 0 1865.5
344.496 114 412.326 0 1541
540.927 512.938 359.375 0 1608.12
727.358 713.5 519.896 0 1932.5
777.55 689 660.004 0 2039.5
879.151 858.75 571.781 2.75 2010.25
879.001 838.125 494.735 10 2040
780.876 721.75 580.001 4.5 2038.75
823.365 776.688 533.562 18 1990
581.125 489.813 481.534 5.75 1674.63
620.617 586.125 428.069 4 1635.5
478.283 429.125 313.665 0 1484.88
621.112 658.625 304.889 24 1558.25
977.576 1016.13 338.665 75.375 1927.13
976.052 997.5 359.11 70.375 2015.13
780.369 770 290.49 36.25 1811.38
970.545 961.875 360.208 66 2014.13
1013.54 1013.06 374.104 77.375 2019.5
898.202 920.312 309.424 77 1856.5
898.202 920.312 309.424 77 1856.5
117.904 7.125 314.861 0 2040
915.003 931.188 291.281 126 1813
803.101 803.312 305.932 48.5 1696.5
777.471 773.125 341.231 31.5 1614.5
675.488 673.5 329.979 16.25 1426
881.19 891.75 403.475 27.375 1859.88
943.669 975.625 417.336 25.625 2016.25
927.206 964.5 374.406 55 2002.63
947.459 982.063 417.18 20.625 2031.88
964.864 991.5 428.981 30.875 1992
863.595 885.313 400.309 51.25 1848.13
853.828 883.813 325.551 88.25 1837
795.371 812.875 286.307 68.5 1704.63
856.399 876.5 279.593 77.5 1787.5
397.145 303.125 375.817 0 1408.75
549.807 396.688 516.03 0 1712.75
670.613 348 691.073 0 2038.75
681.423 440.75 635.254 3 1974.5
482.142 110.5 555.3 0 2028.88
448.59 316.875 424.65 0 2020.38
386.848 190.313 430.505 0 1985.63
487.638 138.438 558.252 0 2015.25
647.679 424.125 608.983 0.125 1971.75
545.191 296.125 577.977 0 1835.75
536.63 429.5 508.97 0 1634.75
419.866 344 388.778 0 1441.88
96.9413 38.5 191.802 0 2026
259.09 33.625 381.559 0 1776.25
196.835 32.5 369.986 0 1845
228.854 33 378.218 0 1829.5
126.705 84.75 188.334 14.5 2039.5
331.63 73.25 493.078 0 2040
193.985 57.5 379.709 0 1954
258.112 67 428.388 0 2026.5
356.906 159.625 407.999 0 1602.25
364.214 99.75 444.428 0 1619.63
369.638 41.5 508.375 0 1817
477.113 102.562 581.445 0 1996.5
241.937 29.4375 384.309 0 2023.25
129.606 32.25 247.351 0 2009.88
102.554 36.25 237.048 0 1999.63
115.599 63.75 185.923 0 1849.12
227.867 62.125 349.927 0 2040
519.137 85.5625 622.79 0 2037.25
460.171 84.4375 593.285 0 2039.13
463.55 121.375 539.141 0 1967
393.919 187.875 421.885 0 1672.88
579.959 559.375 315.772 17.75 1468.75
703.644 677.5 455.497 25 1696.88
708.247 612.938 570.673 2.75 1819.75
795.561 727.75 522.468 4.5 2018.88
697.841 624.625 522.459 2.25 1955.75
777.199 832.25 448.221 13.75 2034.88
747.375 683.188 538.886 6.75 1992.5
857.517 800.125 538.087 15.25 1941.63
639.499 568.875 497.998 5.25 1525.5
685.678 673.438 441.48 22.5 1645.75
544.44 505.313 306.424 5.75 1443
642.767 661.25 258.691 60.125 1478.38
949.428 968.75 308.354 131.5 1900
759.329 782.688 276.86 69.75 1573.25
946.521 964.75 341.934 106.25 1910.63
1018.49 1028.31 365.452 113 1972.38
902.288 913.312 293.946 120.75 1733.75
902.288 913.312 293.946 120.75 1733.75
137.578 12 336.178 0 2040
807.745 799.125 267.324 101.25 1727.75
710.278 707.438 279.043 59.5 1725
686.478 685 308.926 46.25 1610.5
586.413 577.125 289.465 26.75 1429.5
764.824 762.125 355.837 36.625 1800.5
815.056 829.063 368.368 41.375 1999.5
810.134 802.5 333.082 55.375 2013.25
839.808 842.375 370.421 29.25 2005.75
852.152 864 379.79 33 1921.5
771.905 786.125 364.458 40 1697.25
755.257 766.062 299.33 58.25 1655.25
709.657 708.438 270.557 54.25 1641.38
756.084 748.5 260.263 76.5 1734.63
365.067 246.5 355.152 0 1369.5
485.839 306 470.365 0 1670
591.017 246.312 621.412 0 2031.25
599.59 397.625 563.939 2.5 2019.75
459.501 133.75 532.486 0 2019.63
445.499 284.063 432.601 2 2001.25
408.158 262.438 432.65 0 2027
484.971 219.813 522.187 0 2019
610.071 485.75 547.695 1.125 1774.75
537.342 363.125 537.446 0 1761
533.3 425.875 486.963 0 1631.63
422.875 351.5 377.563 0 1319.12
129.951 41.125 243.987 0 1994.25
279.978 41.25 388.084 0 1877
221.516 35 393.537 0 1905.5
257.049 39 397.138 0 1705.5
168.84 92.9375 278.032 17.75 2037.63
332.263 74 490.108 0 2035.63
204.66 60.5 382.721 0 1993
255.54 68.25 402.21 0 1878.25
388.513 220.812 412.923 0 1504.25
388.219 157.625 433.575 0 1604
402.226 75.25 495.625 0 1893.25
490.31 169.375 543.118 0 2003.75
290.634 40.1875 419.406 0 2023.88
189.209 38.8125 326.323 0 2039.5
186.006 61.75 324.68 0 2040
191.404 69.125 321.643 0 2040
254.533 65.0625 392.004 0 2027.5
473.402 95.625 562.925 0.125 2014
411.967 86 532.836 0 1986
409.466 91.875 486.309 0 1819.5
359.797 130.438 402.976 0 1521.38
534.326 530.75 303.567 7 1392.25
653.49 646.312 426.437 12.125 1717.5
667.105 626.5 521.893 5.75 1742
721.561 711 455.603 11.75 1797.5
654.575 632.5 465.752 7.25 1995.5
689.68 659.25 402.455 14.5 2039.25
656.607 598.875 487.565 9 2016.25
738.958 703.625 474.498 8.75 2006.75
549.181 442.875 443.174 2.75 1670.75
595.763 554.188 394.681 28.75 1673.75
486.122 466.813 282.987 13.25 1410.5
556.688 552.188 235.778 49.875 1428
827.384 822.063 274.876 114.125 1784.75
649.276 649.75 236.92 75.5 1507
787.817 789.688 289.758 72.125 1812.25
869.16 866 320.684 80.5 1882.5
780.548 769.875 263.569 127.375 1679.5
780.548 769.875 263.569 127.375 1679.5
158.163 10.875 362.064 0 2040
845.666 841.062 250.463 94.25 1639
718.443 733.875 256.774 60 1534.88
690.462 707.125 283.262 47.25 1463
605.259 630.125 274.816 42.875 1278.25
808.41 818.062 346.276 45.75 1672.63
885.83 888.125 376.108 34.375 1932.38
871.46 873.938 344.326 55.375 1824.88
903.711 917.25 399.566 28.375 1858.5
905.992 939.375 405.294 47.5 1748.13
794.058 834.938 376.197 46.5 1683.5
773.28 802.625 296.355 59.75 1615
717.115 733.625 257.206 63 1500.5
769.227 778 237.481 74.25 1635.75
359.618 298.313 329.2 0 1307.88
481.071 388.625 438.051 0.25 1412.5
608.907 332.75 610.144 1.625 1982.75
627.626 423.688 582.884 2.875 1907.38
507.102 161.125 573.205 0.375 2015.38
514.024 342.375 480.845 3 2032.88
479.914 297.5 481.436 0 1902.13
558.318 236.75 596.859 0 2025.63
678.46 524.375 622.754 0 1955.5
563.262 360 569.654 0 1769.88
535.583 434.125 490.83 0 1556.25
440.145 391.438 399.454 0 1665.13
161.474 42.25 357.436 0 2039.13
309.152 43 451.453 0 2037.63
215.321 36.1875 398.914 0 1985.75
230.115 41.75 369.043 0 1662.13
191.303 100.75 323.948 20.75 2040
356.024 77.5 516.245 0 2040
219.4 60.875 394.037 0 1968.63
253.065 72.375 381.4 0 1863.62
350.885 191.813 384.831 0 1540.25
372.325 116.25 429.399 0 1511.25
410.367 63 522.394 0 1849
542.223 176.5 613.719 0 2039.88
328.695 42.3125 478.09 0 1995.63
223.581 41.75 343.296 0 1976.25
216.99 61.9375 330.432 0 2019.25
212.215 74.8125 322.523 0.25 1959.63
271.264 70 402.33 0 2002.25
492.639 116.063 577.148 0.5 2039.62
414.725 89.75 524.133 1.125 2033.75
401.4 102.188 454.694 0 1640.25
341.374 148.75 365.176 0 1396.5
520.777 507.5 293.329 2.5 1486.25
670.008 710 432.869 2.5 1573.75
715.127 708.938 556.574 3.875 1763.75
794.901 772.312 504.988 7 1797.25
734.212 710.375 525.959 5.875 1929.25
785.572 777 460.575 13.875 2036.38
719.754 648.438 527.175 3.75 2034.63
781.288 755.375 489.576 10.125 1830
564.681 498 441.471 5 1542.5
590.437 584.438 385.026 14.5 1471.5
471.909 444.125 274.181 4.75 1399.13
578.648 581.5 238.112 74.75 1466.88
878.274 881.125 267.161 191.375 1701.25
866.018 877.875 293.41 162.25 1717.25
705.224 707 243.946 76.25 1397.75
873.301 869.25 300.688 106.375 1768.5
917.308 922.313 311.752 151.75 1859.75
818.233 820.563 249.592 173.5 1689.5
818.233 820.563 249.592 173.5 1689.5
77.7048 3.75 219.965 0 1841.75
751.355 752.125 274.456 24 1536.25
694.784 713.75 270.398 23.75 1370.75
654.284 673 298.413 22.5 1322.25
567.615 581.062 296.908 9.625 1186.75
743.244 769.062 385.962 21 1668.38
762.297 781.25 397.084 23 1849.5
742.561 743.813 352.152 27 1718.25
767.151 768.062 373.746 23.25 1769.5
815.82 832.938 377.182 22 1742.75
721.921 752.75 332.118 20.5 1598.25
741.509 771.375 283.66 29.375 1559.75
715.589 735.813 250.802 32.5 1442.5
764.826 778.188 256.151 31 1519
403.77 353.375 330.843 0 1173
496.101 401.875 446.581 0 1330.75
579.615 295.438 584.22 0 1852.25
560.497 371.625 536.137 0 1790.25
366.163 83.3125 427.478 0 1998
287.775 105.375 339.687 0 1951.88
228.652 49.5625 314.941 0 2023.38
347.53 74.0625 427.021 0 1993.25
517.053 335.063 508.145 0 1728.88
472.374 230.812 510.347 0 1597.38
488.564 389.5 451.621 0 1419.25
375.42 338.812 301.203 0 1011
89.2288 29.8125 221.583 0 2025.5
224.212 28 354.612 0 1792.63
188.864 25.75 355.669 0 2039.75
239.076 29.25 369.667 0 1531.25
102.279 69.5625 185.61 9.5 2040
247.228 56.5 399.189 0 2040
149.641 42.3125 302.677 0 1917.88
234.546 57 368.202 0 1698
350.712 199.875 374.917 0 1238.38
348.688 118.125 404.885 0 1346.5
335.643 37.5625 447.04 0 1582
391.007 78.6875 480.714 0 1713.25
169.68 21.5 290.825 0 1839
60.7546 21.4375 151.45 0 1944.63
37.1604 23.25 103.806 0 1861.25
60.4169 40.5 108.84 0 1046.5
133.833 45.75 235.523 0 1901
399.771 74.9375 481.159 0 1977.38
369.509 66.5 475.863 0 2040
402.503 129.25 452.895 0 1521
372.038 231.125 379.739 0 1385.38
545.419 555.125 251.007 24.25 1215.12
647.004 656.875 372.389 16.75 1567.5
616.587 556.688 468.178 6.25 1632.5
659.526 661.375 431.581 6.75 1686.63
532.234 475.313 419.99 0 1795.75
599.001 568.125 406.635 2.75 1973.13
555.294 499.5 467.55 0 1712.63
681.093 639.25 476.894 5.25 1785.13
566.099 504.813 449.094 2.125 1403.25
598.214 608.875 374.035 16.25 1353.75
502.65 498.75 252.119 17.875 1102.62
593.71 615.125 217.773 25 1255.13
797.814 802.438 271.566 28 1578
784.332 794.75 295.478 25.5 1554.38
612.495 616.188 250.654 17.5 1305.25
764.497 765.562 321.305 33.75 1671.38
835.844 858.25 340.729 35 1739.75
768.853 787.875 276.144 24.75 1533.25
768.853 787.875 276.144 24.75 1533.25
81.1144 4.25 229.751 0 1904.88
913.096 890.375 328.76 63.25 1800.88
813.108 816.5 329.483 61.25 1924.38
762.406 751.375 352.45 38 1904.13
650.525 642.75 333.678 28.5 1515.88
850.637 825.688 427.678 30 1901.25
909.848 867.438 465.577 27.375 2036.75
922.864 881.5 438.419 31.625 1968.25
954.699 950.25 476.139 22.5 2034.25
989.786 1002.63 470.986 40.75 2036.25
900.935 920.438 428.009 42.25 2035.25
879.869 890.875 346.83 55.75 2007.75
834.906 852.313 308.461 59.25 1747
874.422 890.562 307.593 94.625 1837.75
419.293 322.875 387.599 0 1419.5
525.295 383.063 505.772 0 1940.5
596.338 279.375 629.325 0 2040
616.92 393.313 607.923 0 2038
404.807 96.25 522.931 0 2039.75
354.625 174.375 395.375 0 1960.5
345.125 154.5 409.946 0 1968.88
528.69 243.25 587.547 0 2040
710.087 602 635.978 0 2015.25
606.132 446.812 596.658 0 1937.75
612.682 535.188 542.932 0 1772.75
448.035 385.563 374.291 0 1394.25
127.158 40.25 297.566 0 2040
292.828 40.9375 456.418 0 2040
208.691 35 403.021 0 2039.75
255.367 41.0625 408.743 0 1896
118.801 94.0625 183.5 15.75 2040
279.879 73.75 450.059 0 2040
166.695 59 310.672 0 2030.25
249.549 73.3125 377.077 0 1833.38
419.45 258.5 454.714 0 1683.75
412.925 194.125 477.327 0 1625.5
421.756 77.0625 550.172 0 1982.5
537.656 185.062 613.526 0 2040
262.965 37.375 426.363 0 2038.88
93.9462 34.8125 164.738 0 1338
51.2069 37 70.0457 0 938
79.2036 60.5 110.088 0 1209.25
174.57 61.875 302.026 0 2034.13
449.32 97.6875 560.139 0 2040
388.669 88.5 511.353 0 2038.75
423.795 124.75 499.027 0 1885
396.458 173.125 441.992 0 1651.88
647.417 618.062 330.036 10.5 1610
775.621 781.562 461.715 10 1860.5
783.081 770.375 600.829 0.75 2023.5
852.444 839.125 559.767 6.5 2038
754.46 708.813 576.219 0 2039.5
778.033 724.875 529.484 5.5 2040
694.172 572.25 581.15 1 2040
804.546 740 559.34 22 2035.13
606.254 498.75 496.111 8.625 1886.25
673.673 633.563 448.858 25.875 1853.38
566.348 534.625 329.152 13.5 1409.25
692.725 708.75 291.123 52 1553.25
980.251 981.063 342.236 148.125 2017.75
974.991 975.25 374.866 101.375 2032.75
763.81 744.125 315.081 68.25 1569
931.846 884.938 391.38 66 1875.5
1003.79 966.625 408.615 60.5 1971.5
899.375 890.5 329.239 112.25 1918.63
899.375 890.5 329.239 112.25 1918.63
170.437 44.75 376.252 0 2040
631.233 555.5 354.609 0.375 2040
621.432 560.375 370.946 0 2040
586.259 546.5 379.768 0 2040
481.115 443 336.915 0 2038.5
575.929 504.125 399.317 0 2024.25
574.181 496 393.992 0 1946
555.67 512.375 356.653 0.875 1972.75
570.226 517.75 377.844 0.375 1984.38
638.577 566.313 422.529 0.25 2037.75
607.069 550.375 415.06 0 2040
627.302 562.5 386.133 0.5 2040
621.102 551 362.06 1.25 2026.13
659.934 564.5 369.866 0 2038.12
383.112 299 359.799 0 1904
463.853 305.188 444.058 0 2020.5
531.113 225.188 574.819 0 2040
504.069 278.625 551.369 0 2040
332.959 82 466.734 0 2038.75
246.257 102.188 303.29 0 2039.25
209.457 74.75 277.982 0 2036.88
312.423 89.25 421.407 0 2039
480.781 296.688 524.887 0 2039.5
484.371 178 561.048 0 2039.25
478.299 327.313 478.43 0 2023.5
414.191 331.562 392.39 0 1988.25
154.513 43.75 339.893 0.75 2040
289.08 39.6875 486.02 0 2040
301.086 37.5 548.286 0 2040
346.658 36.625 571.539 0 2040
125.035 65.75 249.646 0 2040
294.03 73.75 460.906 0 2040
222.033 62.5 402.64 0 2040
323.192 67.5 539.296 0 2040
383.671 174.25 434.517 0 1998.75
382.175 69.125 474.893 0 2026
419.467 50.25 578.527 0 2040
419.962 65 568.465 0 2040
209.425 35.5 370.216 0 2038
100.983 36.3125 186.28 0 1955.5
100.681 52.5625 185.787 0 1985.63
105.237 58.25 179.511 0 1978.25
169.502 61 314.498 0 2040
408.765 87.8125 555.834 0 2040
391.261 91.1875 518.949 0 2040
415.024 95.6875 506.57 0 2038.38
378.569 174.375 425.462 0 1984.25
506.845 439.188 350.494 0 1979.25
593.744 561.875 448.488 0 2039
578.398 488.125 524.358 0.25 2038
544.601 453.25 451.155 0 2039.62
423.448 328.25 389.531 0 1993
418.177 353.625 350.313 0 1989.63
443.689 302.688 439.271 0 2022.5
578.924 467.938 488.229 0 2035.75
501.347 413.75 452.562 0 1969.37
529.52 503.5 398.585 0 2036.75
457.67 410.313 320.375 0 1826.5
542.698 475.75 327.842 0 2000
695.974 613.125 383.63 1 2040
640.317 570 376.811 1.875 2040
486.686 437.813 293.709 0 1984.63
591.577 533.812 356.55 0.75 2009
685.765 618.812 407.229 0.75 2040
655.576 582.188 373.931 0 2040
655.576 582.188 373.931 0 2040
136.617 14.125 336.467 0 2040
933.714 948.813 344.848 88.5 1964.5
873.575 888.75 338.589 69 1944.63
832.154 840.75 372.67 50.5 1816.38
692.912 709.125 348.718 37 1640.5
880.312 911.875 430.09 44.75 2034
910.545 931.625 446.816 39.5 2027.25
881.211 884.312 415.875 42.75 2038.5
887.218 898.063 462.228 53.25 2039.25
930.68 951 484.773 60.125 2027.88
849.008 850.313 455.96 46.875 1999
868.954 877.438 387.062 68.375 1953.13
846.083 858.25 339.579 80.625 1971.88
909.783 934.75 322.079 93.5 1996.13
517.595 484.125 402.548 0 1419
643.659 557.375 550.626 0 1923.12
740.983 466.312 692.792 0 2040
696.732 503.25 625.496 0.5 2016.5
479.753 152.938 512.528 0 2039.62
356.4 190.313 361.518 1 1999.88
284.092 98.1875 349.847 0 1942.63
406.451 97.1875 487.285 0.5 2037.63
578.082 280.5 591.279 0.25 2031.5
528.86 196.75 572.066 0 1895.75
564.217 374.75 550.278 0 1796.75
471.929 381.188 419.364 0 1575
100.281 56 185.712 0 1965.5
235.533 53 360.529 0 2026.75
180.855 46.75 343.52 0 2020.75
241.303 44.375 389.646 0 1766.63
138.341 91.5625 202.802 3.25 1967.75
366.714 99.75 502.553 0 2040
247.525 75.5 434.794 0 2040
346.812 83.75 496.458 0 1964
394.254 173.313 436.765 0 1567.5
375.223 82.9375 447.642 0 1905.25
367.41 61 486.332 0 1975.5
435.001 87 529.002 0 2035.5
201.777 53.5625 306.379 0 1978.5
105.715 55.75 167.119 0 1776.5
121.017 75.1875 179.165 0 1833.12
121.689 87.5 155.626 0 1565.63
213.035 85.5 279.1 0 1897.75
533.978 140 585.985 0 2038.75
513.541 116.75 605.052 0 2039.75
534.114 220.875 558.584 0 1966
487.718 319.312 471.519 0 1660.5
665.399 648.125 347.075 20.625 1838.38
750.772 705.562 505.507 21.25 1910.12
706.628 544 608.145 13.125 1980.88
750.951 672.562 546.106 25.25 2038
610.792 514.5 511.319 6.25 2015.75
682.229 645.75 450.473 15.5 2020
676.216 631.875 534.64 5.25 2038.5
832.935 801.125 559.941 23.5 2031
682.031 615.75 532.604 16 1931.25
757.45 782.813 470.505 17.125 1851.75
649.224 646.062 325.606 10.625 1635
751.219 768 288.275 58 1935.63
1000.53 1014.63 372.246 132.875 2010
954.875 968.688 401.679 104.5 2009.63
749.382 751.375 323.781 84.75 1842.88
929.168 929.875 387.014 101.5 2017.25
1061.04 1075.31 420.1 124.25 2036.88
966.236 989 347.569 132.375 1944.38
966.236 989 347.569 132.375 1944.38
80.6517 7.375 244.763 0 2040
815.662 839.625 286.898 5.125 1561.25
740.657 771.5 281.914 10.25 1389.75
703.154 727.062 313.178 5 1380.25
611.344 631.688 304.775 0.125 1230.62
801.776 828.25 381.376 3.5 1663.63
878.149 909.938 408.951 11.5 1903.75
826.385 862.375 364.538 7.75 1777
869.927 895.938 409.749 6.5 1876.13
890.316 919.625 430.152 1.625 1808.5
778.584 801.25 396.753 6.5 1523.25
792.569 825.938 339.739 5.25 1498.75
747.814 783.625 293.273 0 1384.88
790.075 813.375 271.775 2 1397.88
403.419 286.125 359.448 0 1187.88
537.944 361.188 503.562 0 1547.25
673.101 285.25 683.979 0 2032.5
672.168 448.188 621.385 0 1967.5
526.958 180.438 570.979 0 2027.38
472.381 320.812 428.719 0 1969.75
417.031 281 417.507 0 1942.5
512.829 217.563 545.656 0 1950.13
656.286 497.312 603.968 0 1818.13
589.75 329.062 600.228 0 1830.75
565.515 437.813 527.191 0 1558.25
458.284 375.375 415.52 0 1375.5
131.289 47 236.708 0 1973.5
308.159 46.25 416.128 0 1703.75
249.502 43.5 419.369 0 1876.5
282.038 42.4375 424.917 0 1708.25
197.633 83.1875 347.265 0 2039.75
426.341 82.1875 583.125 0 2040
289.125 67.75 493.466 0 2039.5
324.272 80.25 470.541 0 1900
408.205 210.375 429.624 0 1366.5
427.683 149.812 475.583 0 1732.5
435.012 71.5 532.337 0 1885
534.219 150.375 587.541 0 1936.13
293.933 44.75 406.975 0 1992.62
164.973 46.75 266.849 0 1975
164.833 64.25 276.545 0 1977.25
203.217 83.5 302.257 0 1934.5
298.105 73.75 414.917 0 2036.88
559.739 109.813 637.007 0 2034.5
508.315 96.8125 623.823 0 2039.75
475.804 104 532.57 0 1818
401.156 148.75 421.957 0 1386.25
556.557 561 307.243 0 1385.63
677.147 671.5 462.569 1.5 1554.25
698.923 656.125 567.669 0 1687.88
748.011 727.75 501.977 1.5 1682.75
675.389 637.438 488.491 0 1731.75
738.859 748.5 430 1.5 1805.25
708.542 662.625 509.619 0 1825
788.158 781.312 505.502 1.25 1807.5
618.832 535.375 489.406 0 1556
623.71 603.313 400.919 0 1426
503.899 505.063 259.46 0.375 1151
568.136 601.75 223.561 1.5 1175.75
861.772 885.813 313.948 0.75 1518.63
855.638 871 347.215 9.5 1599.75
699.313 721.125 282.454 0 1381.88
840.465 868.75 334.892 4.75 1688.13
892.891 912.25 347.011 16.5 1701.37
824.047 843.188 288.335 9 1490.25
824.047 843.188 288.335 9 1490.25
82.0547 6.125 259.629 0 2040
845.65 820.375 321.026 142.125 2015.38
771.386 772.688 290.617 68.375 1839
721.257 723.938 334.209 54.125 1768.13
605.204 617.063 330.605 16.875 1569.63
766.109 776 415.498 14 2014.25
802.237 786.125 440.904 23.125 2039.25
787.645 779.875 411.126 42 2016.38
821.199 816.875 461.179 19.75 2036.88
889.208 920.125 490.195 21.75 2039
801.307 838.5 451.855 23.75 1910.25
836.736 859.688 383.092 47 1963.25
793.66 795.312 319.146 57.25 1918.63
847.061 836.75 286.019 127.75 1961.75
419.735 304.312 377.095 0 1306.88
540.77 294.5 521.154 0 1654
638.925 181.375 676.648 0 2039.5
599.167 257.438 611.118 0 2036.5
403.843 76 507.136 0 2028.5
257.987 81 341.291 0 2017.75
211.406 44.875 327.336 0 2018.13
424.3 95.25 515.908 0 2035.88
637.896 441.813 624.819 0 2039.25
609.397 321.25 618.561 0 1976.5
619.751 503.063 574.381 0 1898.38
495.402 442.5 441.91 0 1542
107.705 41.1875 213.461 0 2038.25
300.601 41.875 443.561 0 2040
248.79 38.75 431.074 0 2040
332.326 40.875 503.291 0 1901.38
170.222 78.875 310.145 0.25 2040
384.519 80 551.368 0 2040
284.026 65.5 494.178 0 2040
345.505 74.125 516.664 0 2007.75
454.853 254.375 478.824 0 1614
464.187 173.5 517.67 0 1736.63
459.98 67 562.411 0 2007.5
522.902 129.188 596.916 0 2036.75
226.984 33.25 354.502 0 2036.5
69.8139 32.625 129.386 0 1266.75
46.4901 37.4375 50.4124 0 675.25
95.3443 67.25 140.569 0 1344.63
222.544 69 338.644 0 2037.75
477.691 86.625 586.012 0 2040
475.042 90.25 606.661 0 2040
466.494 90 539.232 0 1797.75
411.925 131.875 445.854 0 1477.25
602.856 604.25 338.723 0.75 1636.75
737.89 786.438 520.801 5.75 1881.5
735.816 720.688 618.296 0 1951.63
732.341 710.75 555.027 3.75 1969.75
588.344 531.312 515.121 0 2003.5
587.016 538.5 445.707 6.625 2007.5
559.423 446.812 504.672 0 2021.5
695.263 645.5 525.426 8.75 2015.25
587.015 423.375 512.25 2.75 1726.88
626.076 572.938 432.578 14.75 1615.13
524.697 515.25 273.819 6.25 1364.25
614.628 606.812 229.913 71.125 1444.75
915.058 892.188 334.243 104.75 2036.75
872.819 874.125 374.197 47.75 2000.75
678.574 665.438 300.712 41 1640.12
824.288 804.063 361.953 73.5 1969.75
888.092 875.625 369.968 72.5 2032.63
820.922 799.313 289.308 120.75 1905.75
820.922 799.313 289.308 120.75 1905.75
119.864 12.25 286.491 0 2040
957.327 977.5 354.358 48.25 2026.75
817.194 830.625 345.789 20.5 1720.25
799.87 805.813 390.48 32 1731
689.508 694.75 368.048 33.5 1612
907.499 923.75 465.86 36.375 2015.13
966.256 988.938 490.16 40.75 2039.5
963.03 983.375 451.777 47.75 2040
1000.77 1018.19 479.564 43.5 2040
1032.45 1039.25 483.155 41.5 2039.5
937.335 954.5 453.311 38.5 1950.25
911.599 933.375 372.711 61.375 1931.5
856.709 881 331.732 75.75 1868
915.359 950.125 328.525 77.75 1889.5
439.17 308.75 413.099 0 1548.5
582.877 387.125 549.871 0 1810.5
686.219 328.75 693.034 0 2040
709.965 467.875 666.25 3.5 2039.25
548.127 187.75 603.139 0 2040
530.227 334.5 510.752 2.5 2033.75
458.209 256.75 479.918 0 2038.88
558.916 259.625 606.391 0 2040
715.647 554.25 654.228 1.25 2026.88
635.803 386.813 647.278 0 2001
638.77 537.813 588.949 0 1857.38
488.68 411 444.077 0 1482.75
160.446 51 329.43 0 2040
325.498 49.5 463.544 0 2036.38
275.942 47.25 486.809 0 2040
322.524 49.25 502.767 0 1995.25
168.577 93 298.791 4 2040
374.341 92.1875 525.75 0 2040
231.187 73.5 412.883 0 2040
290.217 81.5 459.048 0 2028.75
454.555 214.75 499.101 0 1625
453.921 148.5 527.573 0 1735.75
473.083 65 602.57 0 2040
563.912 164.375 636.321 0 2040
314.587 45.625 462.02 0 2029.75
200.247 45.25 330.096 0 2037.38
235.208 69.5 342.256 0 2040
243.636 86.25 348.82 0 2027.5
289.094 83.25 421.691 0 2039.25
539.868 117.188 622.848 0 2040
471.753 105.438 598.036 0 2040
464.964 109.063 546.017 0 1937.38
412.571 150.125 460.053 0 1639.75
636.792 599.313 361.637 8.25 1605
795.763 800.812 514.958 17.875 1829.75
813.037 747.562 627.572 10 2011.25
880.776 853.312 554.997 30.75 2017.13
777.417 717.25 559.521 14.25 2040
820.804 782.75 520.511 18 2040
761.875 670.688 604.192 6.25 2039.5
843.549 778.625 587.768 21 2023.13
650.315 547.438 537.773 14 1788.5
691.318 665.813 486.879 2.375 1807.75
556.977 510.5 345.408 1.5 1567.75
678.007 689.812 300.069 25 1553.5
1001.17 1027.56 353.049 45.5 1986.13
997.067 1016.06 385.734 57 2025.38
782.263 805.375 323.296 32.75 1787.75
949.187 975.313 407.832 20 2039.38
1025.72 1046.69 439.004 21.75 2039.75
873.57 897.813 334.313 11.25 1778.25
873.57 897.813 334.313 11.25 1778.25
97.0175 2.25 283.556 0 2040
1031.9 1012.25 412.487 29 2040
981.296 975.688 399.495 39.75 2039.5
928.575 951.688 411.114 40.75 2029.25
756.215 772.75 362.29 30 1714.13
917.091 921.375 428.003 40.75 2037.5
914.363 918.125 420.551 38 2013.5
900.84 911.625 403.176 34.25 1949.75
917.781 928.688 437.972 25.875 2026.5
1008.92 1028.44 487.373 33.75 2040
953.267 980.625 482.669 26.875 2037.88
1005.85 1017.88 452.235 29.5 2039
974.855 963.062 413.715 24 2035.75
1060.6 1023.13 414.8 31.25 2040
534.346 497 387.219 12.25 1648
613.527 488.313 523.812 8.25 1992.5
622.047 283.188 636.809 2.875 2040
607.014 434.5 532.866 4 2038.63
293.301 95.5 338.165 0 1965.5
225.364 137 216.364 0 1658
184.87 90.375 219.635 0 1588.5
318.443 90.3125 377.05 0 2036.62
586.478 465.125 526.261 0.625 2022.75
533.983 287.5 569.433 0.25 2040
627.845 524 546.787 5 2033.25
560.392 540.5 420.238 2.875 1804.25
88.0738 47.5 154.072 0 1574.5
183.791 41.8125 317.22 0 1984
166.28 39.4375 354.558 0 2040
240.178 41 427.922 0 2032.88
97.9954 79.125 124.639 0.5 1931
193.54 81.8125 320.912 0 2038.88
144.267 65.25 287.684 0 2040
246.035 75.25 447.625 0 2040
445.917 293.5 473.39 0 1737.38
391.268 142.125 476.317 0 2021
342.644 54.6875 502.959 0 2040
372.428 73.375 478.228 0 2039.25
124.735 36.3125 228.264 0 1797.13
62.625 39.5 104.507 0 1557
54.9451 49.5 33.626 0 228.25
69.4123 64 74.8898 0 1556.75
101.082 65.25 149.319 0 1696.75
363.944 108.813 461.306 0 2040
370.555 100.875 523.39 0 2040
438.053 114.813 527.802 0 2039.25
443.779 255.938 463.763 0 1852
771.624 754 389.911 25.75 2024.13
881.688 913.625 519.601 14.75 2039.25
800.791 760.813 575.932 14.25 2040
796.621 813.875 492.518 19.875 1938.88
580.519 576.438 408.803 7 2035
615.984 608.313 353.958 16.5 2000.75
589.127 557.25 405.211 6.25 2018.5
833.125 841.25 491.245 30.75 2001.38
703.022 662.188 484.607 17.125 1941
819.67 847 453.84 27 1868
725.418 720.063 353.611 30 2004.25
845.715 831.813 358.084 20.25 2034.25
1117.48 1097.56 439.528 30.625 2040
1040.37 1037.69 436.824 36.75 2040
772.516 775.125 325.318 27.5 2034.5
964.1 962.438 398.394 39.375 2004.75
1120.21 1121.38 454.224 50.5 2040
1016.25 993 396.101 44 2036.25
1016.25 993 396.101 44 2036.25
118.51 1.25 305.865 0 2040
950.413 982.938 416.255 37.75 2040
884.203 913.938 420.129 31.625 2020.5
830.496 842.312 437.612 17.75 1910.5
697.218 714.5 405.014 0 1732.25
870.404 894.25 504.456 0 2040
896.985 920.125 519.754 0 2040
880.973 873.438 474.505 0 2040
891.799 872.25 494.067 3.75 2040
954.873 970.875 512.103 14.25 2040
890.624 891.938 485.033 14.5 2040
908.918 944.375 434.717 32.5 2040
883.666 924.438 397.159 57.875 2040
955.62 994.25 401.807 83.75 2040
497.845 411.125 446.689 0 1656.5
599.663 419.813 573.327 0 1944.25
640.621 279.125 674.397 0 2040
660.132 425.188 634.854 0 2040
439.793 114.313 522.976 0 2038
390.23 195.688 421.242 0 2026.5
285.768 93.8125 361.148 0 2038.25
341.934 99.375 452.567 0 2004.12
562.442 310.125 582.196 0 2037.5
464.81 188.563 535.234 0 2022.13
538.928 283 543.329 0 2001.87
503.735 359.875 452.689 0 1748.75
46.2981 47.5 24.6912 0 240.625
91.0305 43.6875 179.95 0 1880.75
55.535 41.1875 86.264 0 1844.63
86.6606 42.25 134.032 0 1506.38
70.1376 66 62.247 0 1537.5
208.932 83.125 371.326 0 2039.75
79.3413 55 158.815 0 1970.13
137.691 74.25 228.467 0 2034.25
371.206 106.75 435.521 0 1716.25
303.177 68.0625 383.331 0 1698.75
225.024 57.5 332.125 0 1997.13
324.495 67.875 455.202 0 2038.5
85.6103 36.625 201.593 0 1965.13
61.5446 39.375 141.281 0 1947.5
118.406 56.5 235.49 0 2022.5
131.851 73.75 221.032 0 2025.5
153.852 72.375 264.978 0 1967.5
447.117 106.188 552.731 0 2040
356.914 107.125 488.724 0 2040
432.477 116.063 518.503 0 2031
439.699 208.063 483.776 0 1907.62
700.657 712.625 396.31 18 1964.63
813.655 755.062 534.239 1.5 2037.75
743.354 588.25 605.214 0 2040
774.745 720.688 551.921 2 2039.75
612.358 545.75 508.527 0 1973
683.118 629.125 483.353 0 2004
684.789 634.75 572.987 0 2039.25
827.913 794.25 603.698 0 2040
675.668 606 546.745 0 1808
759.427 754.688 509.528 4.25 1775.62
653.503 644.688 382.076 4.375 1509.25
754.28 788.313 350.246 28.125 1736
1031.51 1064.25 430.091 65.75 2040
980.829 999.75 448.333 29.75 2040
751.557 750 366.169 1.25 1911.38
932.02 945.75 455.407 0 2040
1052.78 1090.38 496.992 2.5 2040
985.718 1021.88 425.203 49.25 2040
985.718 1021.88 425.203 49.25 2040
108.071 1.75 310.735 0 2040
1135.47 1163.31 340.448 117.375 2027.75
998.303 1038.06 350.415 82 1995.5
955.903 982.625 378.547 68.125 1997.5
835.18 866.625 361.357 41.5 1700.5
1098.72 1137.25 445.632 40 2032.25
1164.95 1196.69 470.146 43.375 2040
1148.11 1169.06 453.522 38.125 2040
1141.66 1175.5 541.458 22.375 2040
1170.79 1215.12 577.022 20.375 2040
1045.15 1069.25 564.467 44 2040
1041.26 1070.69 441.164 63.5 1978
963.359 989.375 375.328 69.25 1859.25
1063.55 1099.12 340.13 98 1998
506.948 365.75 458.183 0 1584.25
691.266 475.125 638.329 0 2027.38
807.63 398.563 789.746 0 2040
811.247 495.125 738.685 0.375 2040
564.47 148 625.459 0 2040
513.733 303.312 493.264 0 2040
426.593 131.5 517.92 0 2036.62
542.972 107.125 669.21 0 2040
723.556 352.75 771.237 0 2040
584.958 190.313 677.181 0 2040
586.971 314.75 632.853 0 2025.5
450.886 262.813 484.387 0 1740
75.6643 45.625 147.19 0 1936.75
227.391 40.75 398.227 0 2037.25
129.99 38.625 304.064 0 2026.5
175.252 39.3125 348.187 0 1989
180.065 94.3125 318.011 4.25 2040
454.528 112.75 594.385 0 2040
312.217 91.875 506.801 0 2040
411.591 109.25 580.425 0 2040
369.147 90.375 469.324 0 1824.5
365.362 57.3125 489.468 0 1890.5
351.253 49.375 521.62 0 2040
497.097 72.875 645.342 0 2040
236.46 38.5 422.434 0 2040
148.965 41.5 282.312 0 1842.75
124.083 49.25 242.689 0 2038.63
169.124 84.5 276.939 0 2027.25
306.294 99.75 435.368 0 2039.62
649.738 159.312 704.832 0 2040
609.589 134.75 701.733 0 2040
617.559 191.313 659.416 0 2040
528.403 247.75 534.882 0 1802.75
657.492 592.875 417.787 6.125 1785.75
780.892 732.625 617.253 1.5 1970.75
800.268 610.438 749.803 1.25 2040
902.142 752.75 713.377 8.75 2040
787.169 600.312 703.023 1.75 2040
899.462 900.5 564.546 13.5 2040
882.459 861.188 622.507 5.375 2040
1056.04 1061.63 617.349 11.375 2040
811.335 720.812 611.661 7.375 1989.75
850.759 857.313 526.242 18.75 1820.13
668.475 649.125 379.243 10 1631.5
771.706 798.5 330.612 54.625 1730.38
1159.49 1201.69 383.533 169 1985.75
1152.87 1186 438.658 80.5 2037
928.255 944.75 343.962 44.75 1792.38
1174.55 1204.62 392.661 122.625 2028.25
1267.67 1303.5 398.46 143.75 2029.63
1089.84 1117.38 322.235 145.375 1894.25
1089.84 1117.38 322.235 145.375 1894.25
85.5366 1.875 295.759 0 2040
747.604 738.438 238.505 82.5 1582.75
654.795 661.875 247.749 44.375 1390.88
629.089 653.375 268.737 30.875 1396
550.837 569.5 259.637 31.5 1313.62
722.396 731.688 327.316 27.75 1644.75
798.098 787.25 351.826 25.75 1763.88
760.909 755.688 302.501 37.375 1629.5
795.963 779.438 341.483 36 1710.75
817.073 822.75 347.691 52.25 1882.25
705.798 736.5 311.436 53.875 1719.38
714.491 726.625 264.022 59.5 1676.88
653.13 649.625 232.74 57.125 1454.13
705.033 695.125 232.04 59.75 1451.88
336.083 285.188 288.178 0 1294.5
450.619 352.063 391.928 0 1588.12
551.531 299.062 538.312 0 1961
580.822 407.5 528.578 1.125 1974.75
409.295 123.75 461.833 0.25 1966.75
371.543 216.938 356.693 1.625 2036.5
331.424 178 365.824 0 1983.75
423.038 144.938 482.654 0 2007.88
543.542 391 507.254 2.875 1834.5
451.39 261.5 470.095 0 1675.5
434.641 359.188 401.756 0 1511.75
344.016 292.75 303.88 0 1450.38
122.306 34.5 296.209 0 2040
238.005 31.9375 380.364 0 2012.75
171.855 27 334.783 0 1961
183.218 29.5 299.166 0 1432.25
103.728 62.4375 218.902 0 2040
278.301 70.25 442.101 0 2040
148.932 50 281.209 0 2000.25
206.123 64.75 311.603 0 1544.13
289.08 142.875 321.729 0 1396.25
301.18 91.25 355.53 0 1870.5
314.151 42.125 421.973 0 1738
411.452 102.063 494.182 0 2009.75
225.497 29.75 376.001 0 2010.88
127.849 29.5 232.645 0 1971.5
83.7052 40.125 176.515 0 1946.75
76.7145 57.9375 96.12 0 811.25
182.062 61.375 298.51 0 1933.75
438.663 101.375 518.127 0 2040
364.584 82.25 457.927 0 2020.75
364.585 127.5 395.193 0 1654
321.055 202.313 319.947 0 1490.75
477.905 451.875 251.401 20.75 1337.5
589.637 600.5 349.802 19.75 1755.5
590.855 567.625 439.52 10.5 1838.25
674.387 669.938 415.392 8.25 1833
596.228 559.562 426.727 6.625 1892.13
657.872 640.813 377.861 16.375 1906.38
624.378 581.625 455.827 4.5 2015.5
697.342 702.188 434.152 12.75 1814.75
547.354 520.562 403.062 6.375 1446.25
551.728 572.75 331.626 30.25 1448.88
438.577 421.938 237.797 11.5 1294.75
509.898 499.125 208.694 38.125 1451.25
770.568 761.438 243.185 139 1829.63
779 777.812 265.665 90.25 1869.38
627.019 623.625 219.855 79.5 1390.88
779.579 777.188 276.832 63.875 1624.75
831.756 842.062 296.111 81.5 1724.25
733.148 732.375 237.788 110 1522.38
733.148 732.375 237.788 110 1522.38
104.727 1.75 296.118 0 2040
781.821 779.563 241.95 67.875 1604.75
735.327 753.5 240.256 58.375 1485.12
691.405 712.75 273.487 47.125 1572.75
567.009 594.875 259.206 34.625 1347.5
726.063 757.25 324.934 48.125 1548.75
756.355 757.938 346.282 32.25 1816.5
752.295 739.625 328.027 40 1638.62
764.262 783.75 370.596 39 1762.88
812.734 860.25 390.384 53.5 1773.38
748.808 787.25 373.329 42.25 1554
750.166 773.063 292.428 59 1525.63
725.698 743.312 248.731 62.25 1617.38
778.775 796.625 223.93 64.625 1787
428.35 345.188 366.858 0 1243.5
538.304 401.875 484.949 0 1545.25
623.886 313.375 607.373 0 1967.5
585.456 401.813 519.775 0 1682.75
418.403 123.938 442.179 0 1759.75
351.744 175 354.263 0 1707.75
324.675 144.188 363.937 0 1747.5
435.92 158.563 470.303 0 1962.75
587.21 430.5 542.652 0 1801
544.56 336.688 552.984 0 1715.75
560.79 451.875 527.125 0 1681.13
474.461 414.25 428.267 0 1533.25
102.953 41.625 202.561 0 2033.75
261.516 37.6875 371.442 0 2033.25
217.753 32.75 387.514 0 2002.5
296.604 37.9375 479.36 0 1977.25
133.559 82.4375 212.808 0 2024
358.191 87.875 474.003 0 2039.25
255.083 71.75 402.337 0 2040
341.774 79.5625 482.581 0 1957.25
425.949 249.625 459.916 0 1527.75
416.403 142.063 480.081 0 1657
420.183 59.3125 525.497 0 1859.38
472.727 138.312 524.432 0 1933.75
246.535 41.9375 352.833 0 1943.5
131.6 39.5 221.837 0 1724.25
134.407 70.75 215.021 0 1918.5
151.684 81.75 214.534 0 1749.75
220.012 78.5625 285.741 0 2001
474.684 111.313 514.871 0 1856.88
473.696 104.875 552.95 0 1927.5
473.969 135.562 513.187 0 1755.25
427.99 216.062 435.768 0 1454.88
587.449 560.625 297.429 11.125 1628.75
666.52 681.25 443.375 9.25 1541.13
659.69 633.375 542.576 4.25 1681
675.967 671.062 468.05 8.5 1611.25
567.169 527.125 440.912 0 1705.88
585.23 558.625 371.992 7.75 1655.63
574.131 547.25 430.687 1.5 1743.25
693.864 714 439.476 12 1816.63
556.032 503.25 424.65 10 1483
610.325 617.188 376.122 20 1509
530.752 511.688 263.268 10.125 1418
616.605 646.562 213.042 40.5 1383.62
832.094 850.25 254.196 108.875 1750
797.516 818 289.546 99.75 1545.75
610.827 614.188 229.296 70.25 1326.38
755.529 755.25 270.787 81 1746.13
847.693 867 282.587 118 1733.25
751.714 767.875 217.218 92.125 1743.63
751.714 767.875 217.218 92.125 1743.63
40.8364 0.25 174.436 0 1677.62
687.448 742.625 307.297 10 1324.38
687.33 737.625 311.648 0.875 1405.75
627.949 670.5 320.551 0 1300.75
509.251 544.438 289.832 0 1109.38
624.621 663 355.012 0 1386.88
643.291 674.75 378.073 0 1579.75
618.065 666.125 351.479 0 1522.75
634.261 656.875 375.964 0 1525.25
690.263 723.5 392.079 0 1580
625.644 666.812 359.17 0 1358
690.585 753.25 338.113 1.25 1341.25
684.967 731.875 310.675 3.5 1403.25
755.981 812.375 319.855 14 1446.5
396.801 304.312 346.068 0 1314.75
450.846 252.5 441.537 0 1435.25
432.849 114.25 498.187 0 1746.25
419.478 180.875 449.529 0 1628.75
235.108 47.5 335.472 0 1646.5
188.938 58.5625 254.804 0 1498.63
149.628 30.5625 235.993 0 1480
224.499 37 333.446 0 1671.25
377.123 146.375 426.975 0 1547.75
366.788 115.813 440.647 0 1482
424.105 218.875 440.461 0 1395.25
383.962 264.563 362.297 0 1283.5
19.4473 17.5 23.6947 0 354.875
101.501 17.375 202.806 0 1583.25
55.095 15.5 149.722 0 1667.5
129.546 16.5 252.209 0 1333.25
32.5127 29.25 23.1585 0 193
122.636 45 226.322 0 1972.25
37.3295 27.75 87.1185 0 1534
144.437 47.1875 239.256 0 1483.25
313.145 99.4375 387.568 0 1341
265.151 46.0625 357.57 0 1392.75
212.767 26.875 330.98 0 1647
242.352 35 355.774 0 1787.75
73.6124 16.5 175.016 0 1984.75
22.5464 15.125 55.0646 0 1012.75
40.189 22.375 108.827 0 1488.5
32.6328 26.375 36.49 0 502.5
62.4193 31.5 123.55 0 1622.5
264.806 53.875 372.851 0 1854.5
255.552 59.5625 372.816 0 1662.5
333.961 81.375 416.771 0 1541
347.152 145.938 390.998 0 1411
546.355 549.688 323.157 0.125 1429.75
593.101 558.938 418.877 0 1431.75
517.208 388.313 457.196 0 1522.88
526.431 472.875 408.887 0 1460.75
388.497 275.375 367.125 0 1522.5
434.709 396.125 348.774 0 1499.25
409.879 295.625 377.094 0 1454.62
558.74 512.5 410.732 0 1553.13
487.102 390.25 401.162 0 1341.5
569.201 555.688 376.08 0 1380
507.757 521.25 286.731 0 1195.5
595.323 642.062 278.682 1.875 1300.88
752.647 812.375 338.928 10.75 1491.5
694.491 743 345.976 0 1399.25
527.207 567.5 279.008 0 1109.5
654.522 706.375 342.473 0.25 1408.25
734.579 795 365.986 0.375 1637.25
728.959 792.25 330.223 9.5 1475.75
728.959 792.25 330.223 9.5 1475.75
61.5775 3.375 155.394 0 1282.38
783.872 807.563 261.275 88.5 1507.13
717.036 722.75 268.204 55.25 1300.5
667.466 681.438 290.995 33.5 1311.12
574.978 589.125 282.817 26.25 1235.88
734.839 761.375 349.916 44 1472.5
787.038 825.563 374.131 51.5 1714.75
753.301 758 328.657 52.75 1590
781.479 806.75 361.442 34 1604.5
827.946 870.438 374.585 33.25 1625.25
736.682 774.312 341.061 37.25 1492
764.094 793.125 289.949 50 1459.13
715.246 741.625 255.254 53.5 1317.5
785.098 815.813 255.582 84.25 1439.13
363.438 269.062 336.989 0 1204.25
470.754 303.5 456.89 0 1502.38
513.515 213 544.811 0 1784
533.121 275.438 520.214 0 1753.25
345.906 74.0625 420.184 0 1808.75
299.415 151.5 308.559 1 1638.25
240.787 98.125 287.46 0 1507
342.986 79.5 411.29 0 1791.63
510.946 303.5 497.515 0 1568.62
452.297 232.875 486.159 0 1551.25
473.018 347.125 458.313 0 1419.75
383.05 315.375 347.567 0 1180.75
72.8105 26.5 196.521 0 2040
190.64 27.5 316.132 0 1708.5
141.089 24.875 293.038 0 1974.63
197.668 24.1875 359.197 0 1591.25
74.7777 50 150.931 0 2040
215.489 59.5 373.302 0 2032.63
118.096 43.4375 247.284 0 2038.75
191.272 52 339.487 0 1782.75
332.892 155.562 384.111 0 1311
321.526 82.125 403.402 0 1475.63
290.113 34 402.974 0 1491
363.237 73.625 444.768 0 1727.25
157.826 24.5 278.094 0 1934.25
81.1358 24 159.605 0 1498
72.1518 34 140.408 0 1467.5
72.2684 46.8125 129.258 0 1506.75
132.202 48 241.972 0 1784.25
366.081 77.5 457.711 0 1825.38
328.114 74.375 448.903 0 1809.5
354.472 78 438.343 0 1820.88
330.773 140.75 377.406 0 1382.38
533.092 511.875 283.823 21.625 1266.5
635.787 614.438 398.713 20.75 1532.25
609.807 508.875 487.404 2 1522.5
657.444 636.188 427.947 11.75 1463.63
529.536 489 402.085 1.25 1562.63
600.793 592.5 370.818 20.5 1658.75
551.771 493.563 437.82 3.25 1761.25
680.095 641.812 456.083 19 1638.75
543.109 410 440.346 1.5 1370
579.539 543.625 378.043 19.75 1367.25
473.208 452 264.567 19.5 1114.5
577.474 616.062 231.115 58 1213.38
834.081 864.75 270.816 77.5 1534.5
808.674 831.625 290.361 79.25 1512
642.873 658 243.421 46.75 1246.38
780.049 805.125 299.665 70.5 1474.87
852.51 876.375 318.775 88.5 1530.38
780.349 798.062 259.438 78.75 1461.62
780.349 798.062 259.438 78.75 1461.62
103.817 0.8125 295.125 0 2040
901.418 936 287.564 38.5 1699.13
902.231 943.25 307.538 23.75 1654.38
824.963 850 306.649 26.25 1755.88
669.664 699.5 272.006 8.5 1482
813.843 846.438 329.185 11.75 1834.25
828.77 848 345.275 17 1905.63
816.447 829.375 330.515 0.25 1872.75
831.958 859.625 370.572 0 1861.13
917.897 960.062 398.068 0 1829.13
869.557 908.625 382.667 0 1791.38
904.644 948.438 335.727 0 1775
902.003 947.688 317.028 19.5 1612.25
962.858 1007.06 308.66 35.25 1752.63
559.981 528.063 403.717 0 1528.5
590.777 523.5 478.589 1 1526.75
567.304 315.875 546.514 0 1927.75
548.78 414.813 470.996 0 1962.62
313.284 104.5 373.144 0 2009.25
272.368 132.938 291.762 0 1968
245.509 95.1875 317.79 0 1955.25
341.011 103 413.434 0 1905
537.306 377.938 504.472 0 1849.88
496.906 269.625 516.379 0 1724
599.036 518.25 530.113 0 1684.5
580.283 545.938 448.606 0 1604.5
51.0371 34.75 85.1763 0 1753.25
155.636 34.5 280.488 0 1964.25
103.296 28.4375 223.927 0 1861.88
190.303 31.125 351.529 0 1784.88
89.8281 70.125 112.339 0 1368
229.529 79.375 359.336 0 1996.75
152.799 65.625 276.253 0 2040
258.388 77.5 380.418 0 1880.88
448.564 283.688 485.544 0 1672.5
370.581 114.625 443.107 0 1602.75
309.737 55.3125 427.361 0 1896.5
366.726 85.5 450.997 0 1915.25
128.258 36.9375 241.908 0 1988.25
68.5801 35.75 142.428 0 1648.5
68.7454 56.75 79.5722 0 957.75
69.7481 62.5 67.0575 0 766.375
124.829 67.0625 202.158 0 1928.75
371.153 106.5 435.388 0 1859.5
1.89535 0 3.76572 0 26.25
452.598 189.313 485.286 0 1783.38
479.449 337.688 469.447 0 1664.75
765.219 775.75 367.249 6 1537
826.593 841.625 467.777 0 1721.63
735.246 677.375 535.621 0 1722.25
741.031 725.75 454.563 0 1870.5
568.175 547.25 428.188 0 1828.5
599.721 572.75 362.932 0 1781.75
560.844 509.5 393.93 1.5 1942
758.258 757.375 416.073 8.5 1903.5
628.624 574.938 405.577 6.75 1537.88
759.16 754.75 391.453 20 1637.88
705.791 708 328.873 10.5 1636.63
810.875 849.125 304.246 21.25 1645.88
1006.52 1048 322.772 34.5 1844.38
939.046 977.563 328.571 0.5 1858.75
691.172 719.75 249.182 0 1713
867.033 882.562 302.275 17.25 1911.75
995.436 1033.44 331.108 47.25 1935.38
951.224 986 296.259 35.25 1772.5
951.224 986 296.259 35.25 1772.5
109.273 0.375 307.895 0 2040
570.554 580.5 202.674 0 1771.12
515.274 520.562 210.292 0 1401.12
481.059 490 233.85 0 1211.38
395.794 403.438 216.567 0 1013.13
513.217 521.813 273.327 0 1353.63
544.636 557.625 287.203 0 1688.25
548.026 553.875 255.447 0 1785.75
568.452 539.5 265.366 0 1821.25
609.006 586.312 269.495 0 1669.25
563.237 553.625 250.553 0 1526.38
558.413 554.5 201.901 0 1502.63
531.118 539.5 179.676 0 1341.25
566.742 578 184.783 0 1476.25
275.024 218.5 257.982 0 1199.75
350.736 262.25 330.076 0 1190.5
389.322 184.438 397.385 0 1597
397.072 252.563 381.686 0 1373.25
278.002 59.5 335.216 0 1759.75
249.249 123.25 279.842 0 1791.75
177.925 54.375 248.081 0 1627
249.644 62.1875 335.625 0 1730.5
393.127 282.625 392.411 0 1409
370.882 169.375 414.221 0 1458.25
383.898 283.562 373.809 0 1497.63
321.887 254.75 292.228 0 1183.38
69.1488 18.5 163.914 0 1849
181.575 14.5625 308.559 0 1843
170.313 15 334.88 0 2002.75
212.017 16.875 349.629 0 1482.75
53.38 39 90.7336 0 1644.75
181.535 50.75 291.505 0 1909.5
93.9166 34.5 179.539 0 1499.25
146.48 42.5 250.117 0 1354.75
289.507 126.188 328.805 0 1160.62
287.261 63.5625 348.766 0 1522
294.945 23.3125 405.897 0 1578.75
308.24 37 407.298 0 1700.75
145.321 13 271.443 0 1939.25
31.9838 11.5 95.0303 0 1210.12
59.8601 20.3125 169.722 0 1884.75
84.1629 39.125 164.461 0 1782.38
123.659 41 218.267 0 1854.63
289.876 63.5 347.142 0 1711
0.9513 0 2.96592 0 27.25
269.017 74.4375 317.589 0 1264.75
252.96 99.625 281.19 0 1232.38
406.379 404.75 205.683 0 1391.63
497.927 476.938 302.905 0 1528
487.273 426.563 388.796 0 1624.75
504.237 475.563 325.246 0 1634
410.204 377.5 312.442 0 1670.5
428.611 423.938 288.804 0 1841
408.555 370.125 349.169 0 1717.25
485.843 457.875 355.877 0 1579
385.929 345.812 323.125 0 1182.38
417.563 420.375 294.943 0 1251.63
355.059 330.063 210.328 0 1244.38
434.934 457.875 173.218 0 1331.88
620.364 622.5 202.106 0 1623.5
598.757 582.875 215.867 0 1555.5
451.452 446.938 179.623 0 1417
562.66 571.875 236.272 0 1788.25
623.283 634.5 259.366 0 1664
575.9 587.688 208.651 0 1618.25
575.9 587.688 208.651 0 1618.25
62.939 0.125 250.871 0 2040
956.243 953.688 293.422 84.375 1938.38
864.117 872.438 309.108 58.5 1906.88
834.645 831.5 334.499 46.5 1821
697.817 697.125 309.795 39 1619.13
905.407 924.375 389.804 55.75 1943.75
958.562 963.375 418.202 55.5 2021.63
943.899 935.438 387.6 56.25 1955.38
933.331 941.875 430.731 41 1917.88
972.478 1013.88 448.813 38.25 1954.25
867.429 894.438 423.456 34 1912
882.183 898.938 350.908 54 1913.25
833.978 849.875 313.798 55.5 1862
909.813 945.5 291.337 68.875 1936.75
462.545 386 407.304 0 1493.12
604.458 490.688 531.041 0 1698
680.527 359 668.68 0 2039.5
688.424 479.688 625.187 2.5 2000.25
494.048 165 552.268 0 1956
476.496 283.25 447.385 0.125 1876.63
396.895 181.25 432.684 0 1909.75
469.367 148.125 551.555 0 1939
611.485 437.563 593.702 0 1830.25
524.495 293.812 553.78 0 1790.88
557.972 431.938 530.934 0 1715.75
472.552 370.688 457.602 0 1690.63
94.0101 37.5 229.259 0 2039.75
229.093 38.75 345.115 0 1738.5
145.879 36.3125 273.419 0 1776.13
197.128 38.125 332.766 0 1750.38
138.773 79.0625 246.854 0 2039
354.589 89.25 490.233 0 2040
208.489 73.5 348.456 0 2039.13
290.305 83.5 434.962 0 1974.13
387.02 171.813 447.944 0 1602.63
354.243 85.6875 427.445 0 1530.75
334.558 50.3125 432.022 0 1706.13
440.543 119.125 524.202 0 1902
240.8 37.75 389.364 0 1985
170.869 37.875 302.669 0 1989.5
182.988 65.5 294.959 0 2039.5
182.819 80.875 285.701 0 2037
237.914 77.3125 356.512 0 2039.5
495.073 124.875 567.592 0 1986.5
2.795 0 5.21637 0 38.25
458.747 128.688 508.261 0 1891.88
433.225 215.125 457.308 0 1650.5
637.67 616.688 382.833 3 1850.38
740.168 732 503.388 14.875 1888.25
726.075 682.75 590.752 1.5 1884.13
791.321 786.125 518.668 8.25 1901
686.799 650.688 518.884 1 1890.38
766.183 739.25 478.508 14.25 1950
734.292 685.625 539.313 12.5 1976.5
876.554 867.313 529.24 25 1969.5
674.177 582.25 505.038 10.5 1778.38
735.679 728.625 450.106 31.75 1744.13
597.398 585 340.361 9.25 1537.38
712.435 723.375 311.625 38.75 1667.38
1007.39 1023.88 317.876 163.375 1839.75
983.296 998.688 340.836 97.25 1963.63
768.607 764.75 272.169 86 1613.38
965.994 950.313 335.775 132 1951
1062.21 1068 354.791 171.75 2018.63
981.057 982.875 299.936 166.75 1841.25
981.057 982.875 299.936 166.75 1841.25
73.8859 0 263.342 0 2040
788.969 787.812 284.701 1.5 1531.63
751.213 777.062 293.515 0 1429
696.132 728.188 310.358 0 1406.25
572.121 601.062 281.246 0 1250.38
709.217 730.562 341.788 0 1539.38
738.189 761.313 355.337 0 1683.13
726.327 748.188 322.721 0 1610.75
745.784 760.625 341.45 3.25 1782.5
830.941 837.688 366.803 5.75 1777.5
761.708 790.375 334.42 7.875 1719.62
794.939 807.875 296.995 22.5 1678.75
766.964 772.813 266.617 22.5 1592.25
823.009 822.563 283.17 15.75 1670
420.794 373.625 347.964 0 1232.5
490.747 396 441.046 0 1518.25
482.421 222.562 498.611 0 1858.75
489.301 347.25 446.964 0 1822
267.6 74.875 342.548 0 1990.75
265.718 143.812 283.225 0 1943.63
237.568 104.625 285.115 0 1903.13
332.191 133.875 395.479 0 2011
532.794 428.125 471.99 0 1732.25
480.2 321.188 490.169 0 1566.25
505.857 481.125 432.615 0 1519.12
479.592 466.688 344.723 0 1444.63
57.5166 28.75 110.704 0 919
183.126 28.75 310.372 0 1773.75
140.807 25.25 289.115 0 1849.63
211.311 26.5 384.047 0 1783.75
52.0334 48.5 26.7641 0 112.75
149.974 60.25 252.779 0 1959.75
79.8765 45.625 135.081 0 1217.38
189.84 58.25 324.349 0 1785.5
373.714 294.125 385.366 0 1343.38
343.093 158 401.985 0 1459.75
310.441 39.875 430.331 0 1784.88
357.534 80.125 446.788 0 1978
141.712 24.5 271.577 0 2037
74.2729 25.375 154.653 0 1844.5
75.9077 39.375 150.483 0 1889.75
65.7739 48.5 104.985 0 1866
82.2212 46 148.18 0 1578.63
294.406 71.75 378.892 0 1958.88
0.82445 0 2.16689 0 15.25
349.569 84.125 411.29 0 1603
370.131 224.375 385.444 0 1414.75
613.262 629.5 262.911 1.25 1376
714.272 753.75 371.632 16 1636.38
667.21 650.062 457.917 0.125 1668.75
673.906 677.875 401.605 0 1777.38
524.082 495.313 374.094 0 1820
551.437 551.625 341.02 0 1772.75
506.819 468.313 379.756 0 1828.5
657.723 658.688 415.328 0 1696.63
554.956 513.25 406.83 0 1440.38
628.624 651.438 375.784 0 1334.13
545.52 544.688 276.933 0 1212.75
655.137 665.875 242.29 14.75 1384.88
873.299 864.5 296.896 21 1777.75
826.185 823.75 309.578 9.625 1656.25
634.612 639.875 251.486 0 1310.88
780.291 791.625 316.296 0 1632
862.666 884.625 343.725 0 1691.75
810.328 825.25 290.755 0.25 1542
810.328 825.25 290.755 0.25 1542
88.096 0.5 287.159 0 2040
676.596 687 245.553 46.875 1352.88
634.463 653.563 228.79 67 1398.5
605.138 623.25 250.729 34.875 1371.38
510.528 527.5 240.934 21.625 1124.5
686.361 702.25 328.267 24.5 1875.25
690.409 701.813 344.105 28.5 1869.25
656.532 661.125 315.959 17.5 1713
662.922 664.688 345.572 5.5 1648.13
734.684 748.75 371.281 12.75 1584.12
646.942 660.25 328.937 6 1381.25
685.312 696.938 286.555 17.75 1533.75
660.211 667.75 248.537 19.5 1425
690.777 709.625 231.871 51.75 1497.25
363.555 331.75 275.502 0 1064.75
447.104 387.562 383.648 0.5 1357.5
481.115 272.875 479.587 0 1711
497.011 341.438 460.229 0 1676.38
306.718 71.3125 376.654 0 1966
240.44 74.5 303.44 0 1939.13
200.95 50.75 285.362 0 1872
314.089 78.875 386.018 0 1913.5
478.642 350 466.063 0 1669.25
430.949 272.813 451.883 0 1471
443.686 405.688 403.805 0 1321.75
359.074 351.188 291.935 0 991.375
76.0135 29 179.344 0 2038.25
186.456 28.875 312.848 0 1795.25
149.697 24.5 298.339 0 2021.75
197.546 30.625 320.041 0 1331.88
81.7883 50.75 168.261 0 2037.38
221.366 64.5 358.508 0 2036
139.213 48.3125 269.517 0 1999.75
210.417 65.25 316.917 0 1436
319.855 228.25 327.007 0 1322.25
319.601 145.188 363.781 0 1744.25
285.152 39.6875 380.687 0 1473
355.97 82.5625 428.971 0 1759.75
148.511 24.75 269.738 0 2031.5
62.6019 22.75 138.289 0 1488.88
60.3248 30.75 120.449 0 1362.75
59.4782 43.9375 92.0987 0 1425.25
125.162 53.6875 222.091 0 2037.75
335.379 78.0625 416.676 0 1853.5
2.73575 0 5.39895 0 41.5
331.623 84.375 373.47 0 1862.25
313.785 170.75 315.729 0 1453.5
497.843 498.188 241.308 4.125 1210.38
587.454 606.688 353.476 3.625 1702.25
568.577 558.25 438.47 0 1557.13
596.798 587.625 403.394 1.25 1576
466.016 435.625 382.229 0 1494.75
504.796 466.875 353.769 10.75 1921
469.929 407.5 391.218 2.875 1914.5
588.244 578.562 389.688 13.375 1678
485.198 431.688 367.252 12 1512.13
538.991 541.375 318.935 25.25 1602.5
439.081 439.375 212.115 35.25 1101
517.715 531.062 192.292 32.75 1168.62
732.563 741.25 254.683 72.25 1545.5
724.609 738.063 286.288 16.25 1626.25
552.26 562.812 231.481 12 1240.5
680.741 689 284.877 25 1594.88
725.601 741.625 286.412 44.5 1797.25
670.352 687.312 231.537 79.75 1417.75
670.352 687.312 231.537 79.75 1417.75
75.8898 9.25 242.938 0 2040
781.273 813.875 269.929 45 1515.75
682.325 705.5 285.248 23 1570.75
654.405 675 312.002 24.75 1411.5
561.473 573.812 290.505 18.5 1185.25
737.956 761.875 363.38 25.5 1619.25
811.241 842 391.605 29.25 1775
800.263 840.312 347.281 29.5 1706.25
824.889 835.938 368.8 51.25 1765
861.791 894.063 378.274 39.125 1820.38
760.918 795.75 351.946 23.375 1573.25
751.056 781.75 297.751 29.875 1439.75
691.579 705.875 270.242 31.125 1504.13
741.962 763.063 268.1 53.25 1578.25
360.201 243.438 332.09 0 1256.88
473.327 276.125 451.492 0 1521
568.458 234.25 580.297 0 1898.12
594.911 342.25 558.155 3.5 1762.13
492.424 124.438 541.216 0 1994.25
473.157 279.5 466.665 1.25 1942.5
428.214 247.813 449.005 0 1939
527.276 257.875 549.661 0 1954.63
640.637 527.813 566.943 0 1794.63
578.873 372.375 568.562 0 1730.25
547.782 435.125 503.513 0 1625
440.117 346.562 397.759 0 1361.12
206.343 40.625 401.295 0 2039.25
341.644 45.1875 476.361 0 2004
297.889 35.5625 518.664 0 2040
305.062 41.75 454.061 0 1782.5
166.938 80.75 328.741 0 2039
342.824 90.25 503.85 0 2040
202.177 68 367.704 0 2020.25
239.685 78.875 365.336 0 1822.88
400.242 193.813 432.29 0 1471.38
417.527 138.312 468.078 0 1918.25
460.135 73.375 562.145 0 1905.5
546.659 202.625 586.846 0 1949.5
342.432 51.75 476.849 0 2019.5
224.21 51 326.744 0 1981
226.984 83.125 346.201 0 2029.5
230.685 93.5 323.576 0 1892.38
270.188 86.375 398.551 0 1943.63
465.748 107.25 548.295 0 1999.13
4.39475 0 7.53655 0 43.25
372.857 99.5 441.73 0 1693
323.853 91.6875 366.356 0 1389.38
528.692 500.5 311.371 8 1377.75
680.617 705.188 434.034 8.5 1586
712.217 749.875 526.743 4.375 1704.38
749.46 757.75 453.193 16 1664
684.926 682.5 474.557 7.25 1811.5
706.091 676.938 441.084 15.25 1993.5
637.13 505.125 521.642 7 1921.5
683.254 605.75 480.056 8.25 1777.5
520.267 375.875 431.636 5 1406.88
542.219 497.75 384.491 1.5 1579.75
446.062 417.063 285.342 2.5 1427.75
561.292 538.75 260.328 7.5 1491.75
820.487 854.625 283.904 25 1617.25
815.128 843.125 295.092 25 1649
646.503 677.188 244.98 10.75 1369.5
788.855 846.125 317.344 13.75 1642
832.102 876.875 342.799 14.5 1787
746.726 780.438 278.298 8.25 1594.25
746.726 780.438 278.298 8.25 1594.25
75.8898 9.25 242.938 0 2040
781.273 813.875 269.929 45 1515.75
682.325 705.5 285.248 23 1570.75
654.405 675 312.002 24.75 1411.5
561.473 573.812 290.505 18.5 1185.25
737.956 761.875 363.38 25.5 1619.25
811.241 842 391.605 29.25 1775
800.263 840.312 347.281 29.5 1706.25
824.889 835.938 368.8 51.25 1765
861.791 894.063 378.274 39.125 1820.38
760.918 795.75 351.946 23.375 1573.25
751.056 781.75 297.751 29.875 1439.75
691.579 705.875 270.242 31.125 1504.13
741.962 763.063 268.1 53.25 1578.25
360.201 243.438 332.09 0 1256.88
473.327 276.125 451.492 0 1521
568.458 234.25 580.297 0 1898.12
594.911 342.25 558.155 3.5 1762.13
492.424 124.438 541.216 0 1994.25
473.157 279.5 466.665 1.25 1942.5
428.214 247.813 449.005 0 1939
527.276 257.875 549.661 0 1954.63
640.637 527.813 566.943 0 1794.63
578.873 372.375 568.562 0 1730.25
547.782 435.125 503.513 0 1625
440.117 346.562 397.759 0 1361.12
206.343 40.625 401.295 0 2039.25
341.644 45.1875 476.361 0 2004
297.889 35.5625 518.664 0 2040
305.062 41.75 454.061 0 1782.5
166.938 80.75 328.741 0 2039
342.824 90.25 503.85 0 2040
202.177 68 367.704 0 2020.25
239.685 78.875 365.336 0 1822.88
400.242 193.813 432.29 0 1471.38
417.527 138.312 468.078 0 1918.25
460.135 73.375 562.145 0 1905.5
546.659 202.625 586.846 0 1949.5
342.432 51.75 476.849 0 2019.5
224.21 51 326.744 0 1981
226.984 83.125 346.201 0 2029.5
230.685 93.5 323.576 0 1892.38
270.188 86.375 398.551 0 1943.63
465.748 107.25 548.295 0 1999.13
4.39475 0 7.53655 0 43.25
372.857 99.5 441.73 0 1693
323.853 91.6875 366.356 0 1389.38
528.692 500.5 311.371 8 1377.75
680.617 705.188 434.034 8.5 1586
712.217 749.875 526.743 4.375 1704.38
749.46 757.75 453.193 16 1664
684.926 682.5 474.557 7.25 1811.5
706.091 676.938 441.084 15.25 1993.5
637.13 505.125 521.642 7 1921.5
683.254 605.75 480.056 8.25 1777.5
520.267 375.875 431.636 5 1406.88
542.219 497.75 384.491 1.5 1579.75
446.062 417.063 285.342 2.5 1427.75
561.292 538.75 260.328 7.5 1491.75
820.487 854.625 283.904 25 1617.25
815.128 843.125 295.092 25 1649
646.503 677.188 244.98 10.75 1369.5
788.855 846.125 317.344 13.75 1642
832.102 876.875 342.799 14.5 1787
746.726 780.438 278.298 8.25 1594.25
746.726 780.438 278.298 8.25 1594.25
746.726 780.438 278.298 8.25 1594.25
